%node number
924
%element number
1435
*Node
      1, 0.0579999983,           0.
      2, 0.0560000017,           0.
      3, 0.0540000014,           0.
      4, 0.0520000011,           0.
      5, 0.0500000007,           0.
      6, 0.0480000004,           0.
      7, 0.0460000001,           0.
      8, 0.0439999998,           0.
      9, 0.0419999994,           0.
     10, 0.0399999991,           0.
     11, 0.0379999988,           0.
     12, 0.0359999985,           0.
     13, 0.0340000018,           0.
     14, 0.0320000015,           0.
     15, 0.0299999993,           0.
     16, 0.0280000009,           0.
     17, 0.0260000005,           0.
     18, 0.0240000002,           0.
     19, 0.0219999999,           0.
     20, 0.0199999996,           0.
     21, 0.0179999992,           0.
     22, 0.0160000008,           0.
     23, 0.0140000004,           0.
     24, 0.0120000001,           0.
     25, 0.00999999978,           0.
     26, 0.00800000038,           0.
     27, 0.00600000005,           0.
     28, 0.00400000019,           0.
     29, 0.00200000009,           0.
     30, 0.0599999987,           0.
     31,           0.,           0.
     32, 0.0599999987, 0.00200000009
     33, 0.0599999987, 0.00400000019
     34,        0.057, 0.00400000019
     35,        0.057, 0.0219999999
     36,        0.057, 0.0199999996
     37,        0.057, 0.0179999992
     38,        0.057, 0.0160000008
     39,        0.057, 0.0140000004
     40,        0.057, 0.0120000001
     41,        0.057, 0.00999999978
     42,        0.057, 0.00800000038
     43,        0.057, 0.00600000005
     44,        0.057, 0.0240000002
     45, 0.0540000014, 0.0240000002
     46, 0.0540000014, 0.00600000005
     47, 0.0540000014, 0.00800000038
     48, 0.0540000014, 0.00999999978
     49, 0.0540000014, 0.0120000001
     50, 0.0540000014, 0.0140000004
     51, 0.0540000014, 0.0160000008
     52, 0.0540000014, 0.0179999992
     53, 0.0540000014, 0.0199999996
     54, 0.0540000014, 0.0219999999
     55, 0.0540000014, 0.00400000019
     56, 0.0512499996, 0.00400000019
     57, 0.0485000014, 0.00400000019
     58, 0.0485000014, 0.0219999999
     59, 0.0485000014, 0.0199999996
     60, 0.0485000014, 0.0179999992
     61, 0.0485000014, 0.0160000008
     62, 0.0485000014, 0.0140000004
     63, 0.0485000014, 0.0120000001
     64, 0.0485000014, 0.00999999978
     65, 0.0485000014, 0.00800000038
     66, 0.0485000014, 0.00600000005
     67, 0.0485000014, 0.0240000002
     68, 0.0454999991, 0.0240000002
     69, 0.0454999991, 0.00600000005
     70, 0.0454999991, 0.00800000038
     71, 0.0454999991, 0.00999999978
     72, 0.0454999991, 0.0120000001
     73, 0.0454999991, 0.0140000004
     74, 0.0454999991, 0.0160000008
     75, 0.0454999991, 0.0179999992
     76, 0.0454999991, 0.0199999996
     77, 0.0454999991, 0.0219999999
     78, 0.0454999991, 0.00400000019
     79,  0.042750001, 0.00400000019
     80, 0.0399999991, 0.00400000019
     81, 0.0399999991, 0.0219999999
     82, 0.0399999991, 0.0199999996
     83, 0.0399999991, 0.0179999992
     84, 0.0399999991, 0.0160000008
     85, 0.0399999991, 0.0140000004
     86, 0.0399999991, 0.0120000001
     87, 0.0399999991, 0.00999999978
     88, 0.0399999991, 0.00800000038
     89, 0.0399999991, 0.00600000005
     90, 0.0399999991, 0.0240000002
     91, 0.0370000005, 0.0240000002
     92, 0.0370000005, 0.00600000005
     93, 0.0370000005, 0.00800000038
     94, 0.0370000005, 0.00999999978
     95, 0.0370000005, 0.0120000001
     96, 0.0370000005, 0.0140000004
     97, 0.0370000005, 0.0160000008
     98, 0.0370000005, 0.0179999992
     99, 0.0370000005, 0.0199999996
    100, 0.0370000005, 0.0219999999
    101, 0.0370000005, 0.00400000019
    102, 0.0342499986, 0.00400000019
    103, 0.0315000005, 0.00400000019
    104, 0.0315000005, 0.0219999999
    105, 0.0315000005, 0.0199999996
    106, 0.0315000005, 0.0179999992
    107, 0.0315000005, 0.0160000008
    108, 0.0315000005, 0.0140000004
    109, 0.0315000005, 0.0120000001
    110, 0.0315000005, 0.00999999978
    111, 0.0315000005, 0.00800000038
    112, 0.0315000005, 0.00600000005
    113, 0.0315000005, 0.0240000002
    114,       0.0285, 0.0240000002
    115,       0.0285, 0.00600000005
    116,       0.0285, 0.00800000038
    117,       0.0285, 0.00999999978
    118,       0.0285, 0.0120000001
    119,       0.0285, 0.0140000004
    120,       0.0285, 0.0160000008
    121,       0.0285, 0.0179999992
    122,       0.0285, 0.0199999996
    123,       0.0285, 0.0219999999
    124,       0.0285, 0.00400000019
    125,      0.02575, 0.00400000019
    126,        0.023, 0.00400000019
    127,        0.023, 0.0219999999
    128,        0.023, 0.0199999996
    129,        0.023, 0.0179999992
    130,        0.023, 0.0160000008
    131,        0.023, 0.0140000004
    132,        0.023, 0.0120000001
    133,        0.023, 0.00999999978
    134,        0.023, 0.00800000038
    135,        0.023, 0.00600000005
    136,        0.023, 0.0240000002
    137, 0.0199999996, 0.0240000002
    138, 0.0199999996, 0.00600000005
    139, 0.0199999996, 0.00800000038
    140, 0.0199999996, 0.00999999978
    141, 0.0199999996, 0.0120000001
    142, 0.0199999996, 0.0140000004
    143, 0.0199999996, 0.0160000008
    144, 0.0199999996, 0.0179999992
    145, 0.0199999996, 0.0199999996
    146, 0.0199999996, 0.0219999999
    147, 0.0199999996, 0.00400000019
    148, 0.0172499996, 0.00400000019
    149, 0.0144999996, 0.00400000019
    150, 0.0144999996, 0.0219999999
    151, 0.0144999996, 0.0199999996
    152, 0.0144999996, 0.0179999992
    153, 0.0144999996, 0.0160000008
    154, 0.0144999996, 0.0140000004
    155, 0.0144999996, 0.0120000001
    156, 0.0144999996, 0.00999999978
    157, 0.0144999996, 0.00800000038
    158, 0.0144999996, 0.00600000005
    159, 0.0144999996, 0.0240000002
    160,       0.0115, 0.0240000002
    161,       0.0115, 0.00600000005
    162,       0.0115, 0.00800000038
    163,       0.0115, 0.00999999978
    164,       0.0115, 0.0120000001
    165,       0.0115, 0.0140000004
    166,       0.0115, 0.0160000008
    167,       0.0115, 0.0179999992
    168,       0.0115, 0.0199999996
    169,       0.0115, 0.0219999999
    170,       0.0115, 0.00400000019
    171, 0.00875000004, 0.00400000019
    172, 0.00600000005, 0.00400000019
    173, 0.00600000005, 0.0219999999
    174, 0.00600000005, 0.0199999996
    175, 0.00600000005, 0.0179999992
    176, 0.00600000005, 0.0160000008
    177, 0.00600000005, 0.0140000004
    178, 0.00600000005, 0.0120000001
    179, 0.00600000005, 0.00999999978
    180, 0.00600000005, 0.00800000038
    181, 0.00600000005, 0.00600000005
    182, 0.00600000005, 0.0240000002
    183, 0.00300000003, 0.0240000002
    184, 0.00300000003, 0.00600000005
    185, 0.00300000003, 0.00800000038
    186, 0.00300000003, 0.00999999978
    187, 0.00300000003, 0.0120000001
    188, 0.00300000003, 0.0140000004
    189, 0.00300000003, 0.0160000008
    190, 0.00300000003, 0.0179999992
    191, 0.00300000003, 0.0199999996
    192, 0.00300000003, 0.0219999999
    193, 0.00300000003, 0.00400000019
    194,           0., 0.00400000019
    195,           0., 0.00200000009
    196, 0.0580241382, 0.00192842109
    197, 0.0560762957, 0.00185502949
    198, 0.0540151708, 0.00208845944
    199, 0.0518338494, 0.0021943585
    200, 0.0497160926, 0.00202488387
    201, 0.0477326401, 0.00199468993
    202, 0.0455325469, 0.00183540699
    203, 0.0433546528, 0.00201656925
    204, 0.0413749106, 0.00228846609
    205, 0.0391296558, 0.00193851255
    206, 0.0370755456, 0.00203141803
    207,   0.03508652, 0.00199004565
    208,  0.033148773, 0.00201819767
    209, 0.0311984476, 0.00213491102
    210, 0.0287979729, 0.00211806712
    211, 0.0268332493, 0.00203844346
    212,  0.024875829, 0.00201979023
    213, 0.0228958186, 0.00206110533
    214,  0.020862272, 0.00194546441
    215, 0.0186239649, 0.00227057259
    216, 0.0166453011, 0.00201672129
    217, 0.0144807873, 0.00181649509
    218, 0.0122793466, 0.00198160275
    219, 0.0102813914, 0.00202406128
    220, 0.00816667918, 0.00219572871
    221, 0.00597734749, 0.00208372273
    222, 0.00408021128, 0.00190066325
    223, 0.00193466898, 0.00189885905
    224, 0.0560565256, 0.00415675342
    225, 0.0474854745, 0.00407562079
    226, 0.0392571464, 0.00398061378
    227, 0.0207111929, 0.00412111031
    228,  0.012520561, 0.00406990713
    229, 0.00392019376, 0.00414277893
    230, 0.0560596026, 0.00599584682
    231, 0.0560592934, 0.00800094102
    232, 0.0560582019, 0.0100001534
    233, 0.0560611151,   0.01200007
    234, 0.0560594797, 0.0140010407
    235, 0.0560600832, 0.0159993488
    236, 0.0560607314, 0.0179975368
    237, 0.0560550392, 0.0199982654
    238, 0.0558791235, 0.0219897218
    239,  0.047561422, 0.00600625575
    240, 0.0475626588, 0.00800269376
    241, 0.0475615598, 0.0100003649
    242, 0.0475647971, 0.0120001668
    243,  0.047563117, 0.0140024759
    244, 0.0475652888,  0.015998451
    245,  0.047567524, 0.0179941375
    246, 0.0475660823, 0.0199947227
    247, 0.0475098044, 0.0219848659
    248, 0.0393817313, 0.00800606422
    249, 0.0393779576, 0.0120083746
    250,  0.039375823, 0.0160089266
    251, 0.0393782444, 0.0200071391
    252, 0.0308922026, 0.00613316149
    253, 0.0290583689, 0.00811857358
    254,  0.030940922, 0.0101151196
    255,  0.029059004, 0.0121150883
    256, 0.0309409201, 0.0141151343
    257,  0.029059004,  0.016115088
    258, 0.0309409201, 0.0181151349
    259, 0.0290589854, 0.0201194659
    260, 0.0206142459, 0.00810553879
    261, 0.0206133556,  0.012107051
    262, 0.0206130389, 0.0161087681
    263,    0.0206108, 0.0200749133
    264, 0.0124374395, 0.00600767368
    265, 0.0124329394, 0.00800552033
    266, 0.0124345021, 0.0100019509
    267, 0.0124344938, 0.0120019671
    268, 0.0124326311, 0.0140057476
    269, 0.0124333659, 0.0160045475
    270, 0.0124382637, 0.0180002041
    271, 0.0124419304, 0.0199985076
    272, 0.0125661613, 0.0220400877
    273, 0.00393670052, 0.00599499373
    274, 0.00393943954, 0.00800227094
    275, 0.00393985724, 0.0100008203
    276, 0.00393985491, 0.0120008271
    277, 0.00393928448, 0.0140024154
    278, 0.00393870519, 0.0160019118
    279, 0.00394174736, 0.0180000849
    280, 0.00394532457, 0.0200000741
    281, 0.00406800956, 0.0220410489
    282, 0.0590000004,           0.
    283,        0.057,           0.
    284, 0.0549999997,           0.
    285, 0.0529999994,           0.
    286,  0.050999999,           0.
    287, 0.0489999987,           0.
    288, 0.0469999984,           0.
    289, 0.0450000018,           0.
    290, 0.0430000015,           0.
    291, 0.0410000011,           0.
    292, 0.0390000008,           0.
    293, 0.0370000005,           0.
    294, 0.0350000001,           0.
    295, 0.0329999998,           0.
    296, 0.0309999995,           0.
    297, 0.0289999992,           0.
    298, 0.0270000007,           0.
    299, 0.0250000004,           0.
    300,        0.023,           0.
    301, 0.0209999997,           0.
    302, 0.0189999994,           0.
    303, 0.0170000009,           0.
    304, 0.0149999997,           0.
    305, 0.0130000003,           0.
    306, 0.0109999999,           0.
    307, 0.00899999961,           0.
    308, 0.00700000022,           0.
    309, 0.00499999989,           0.
    310, 0.00300000003,           0.
    311, 0.00100000005,           0.
    312, 0.0599999987, 0.00300000003
    313, 0.0599999987, 0.00100000005
    314, 0.0579999983, 0.00400000019
    315, 0.0590000004, 0.00400000019
    316,        0.057,        0.023
    317,        0.057, 0.0209999997
    318,        0.057, 0.0189999994
    319,        0.057, 0.0170000009
    320,        0.057, 0.0149999997
    321,        0.057, 0.0130000003
    322,        0.057, 0.0109999999
    323,        0.057, 0.00899999961
    324,        0.057, 0.00700000022
    325,        0.057, 0.00499999989
    326, 0.0549999997, 0.0240000002
    327, 0.0560000017, 0.0240000002
    328, 0.0540000014, 0.00499999989
    329, 0.0540000014, 0.00700000022
    330, 0.0540000014, 0.00899999961
    331, 0.0540000014, 0.0109999999
    332, 0.0540000014, 0.0130000003
    333, 0.0540000014, 0.0149999997
    334, 0.0540000014, 0.0170000009
    335, 0.0540000014, 0.0189999994
    336, 0.0540000014, 0.0209999997
    337, 0.0540000014,        0.023
    338,  0.049416665, 0.00400000019
    339, 0.0503333323, 0.00400000019
    340, 0.0521666668, 0.00400000019
    341, 0.0530833341, 0.00400000019
    342, 0.0485000014,        0.023
    343, 0.0485000014, 0.0209999997
    344, 0.0485000014, 0.0189999994
    345, 0.0485000014, 0.0170000009
    346, 0.0485000014, 0.0149999997
    347, 0.0485000014, 0.0130000003
    348, 0.0485000014, 0.0109999999
    349, 0.0485000014, 0.00899999961
    350, 0.0485000014, 0.00700000022
    351, 0.0485000014, 0.00499999989
    352, 0.0465000011, 0.0240000002
    353, 0.0474999994, 0.0240000002
    354, 0.0454999991, 0.00499999989
    355, 0.0454999991, 0.00700000022
    356, 0.0454999991, 0.00899999961
    357, 0.0454999991, 0.0109999999
    358, 0.0454999991, 0.0130000003
    359, 0.0454999991, 0.0149999997
    360, 0.0454999991, 0.0170000009
    361, 0.0454999991, 0.0189999994
    362, 0.0454999991, 0.0209999997
    363, 0.0454999991,        0.023
    364, 0.0409166664, 0.00400000019
    365, 0.0418333337, 0.00400000019
    366, 0.0436666682, 0.00400000019
    367, 0.0445833318, 0.00400000019
    368, 0.0399999991,        0.023
    369, 0.0399999991, 0.0209999997
    370, 0.0399999991, 0.0189999994
    371, 0.0399999991, 0.0170000009
    372, 0.0399999991, 0.0149999997
    373, 0.0399999991, 0.0130000003
    374, 0.0399999991, 0.0109999999
    375, 0.0399999991, 0.00899999961
    376, 0.0399999991, 0.00700000022
    377, 0.0399999991, 0.00499999989
    378, 0.0379999988, 0.0240000002
    379, 0.0390000008, 0.0240000002
    380, 0.0370000005, 0.00499999989
    381, 0.0370000005, 0.00700000022
    382, 0.0370000005, 0.00899999961
    383, 0.0370000005, 0.0109999999
    384, 0.0370000005, 0.0130000003
    385, 0.0370000005, 0.0149999997
    386, 0.0370000005, 0.0170000009
    387, 0.0370000005, 0.0189999994
    388, 0.0370000005, 0.0209999997
    389, 0.0370000005,        0.023
    390, 0.0324166678, 0.00400000019
    391, 0.0333333351, 0.00400000019
    392, 0.0351666659, 0.00400000019
    393, 0.0360833332, 0.00400000019
    394, 0.0315000005,        0.023
    395, 0.0315000005, 0.0209999997
    396, 0.0315000005, 0.0189999994
    397, 0.0315000005, 0.0170000009
    398, 0.0315000005, 0.0149999997
    399, 0.0315000005, 0.0130000003
    400, 0.0315000005, 0.0109999999
    401, 0.0315000005, 0.00899999961
    402, 0.0315000005, 0.00700000022
    403, 0.0315000005, 0.00499999989
    404, 0.0295000002, 0.0240000002
    405, 0.0305000003, 0.0240000002
    406,       0.0285, 0.00499999989
    407,       0.0285, 0.00700000022
    408,       0.0285, 0.00899999961
    409,       0.0285, 0.0109999999
    410,       0.0285, 0.0130000003
    411,       0.0285, 0.0149999997
    412,       0.0285, 0.0170000009
    413,       0.0285, 0.0189999994
    414,       0.0285, 0.0209999997
    415,       0.0285,        0.023
    416, 0.0239166673, 0.00400000019
    417, 0.0248333327, 0.00400000019
    418, 0.0266666673, 0.00400000019
    419, 0.0275833327, 0.00400000019
    420,        0.023,        0.023
    421,        0.023, 0.0209999997
    422,        0.023, 0.0189999994
    423,        0.023, 0.0170000009
    424,        0.023, 0.0149999997
    425,        0.023, 0.0130000003
    426,        0.023, 0.0109999999
    427,        0.023, 0.00899999961
    428,        0.023, 0.00700000022
    429,        0.023, 0.00499999989
    430, 0.0209999997, 0.0240000002
    431, 0.0219999999, 0.0240000002
    432, 0.0199999996, 0.00499999989
    433, 0.0199999996, 0.00700000022
    434, 0.0199999996, 0.00899999961
    435, 0.0199999996, 0.0109999999
    436, 0.0199999996, 0.0130000003
    437, 0.0199999996, 0.0149999997
    438, 0.0199999996, 0.0170000009
    439, 0.0199999996, 0.0189999994
    440, 0.0199999996, 0.0209999997
    441, 0.0199999996,        0.023
    442, 0.0154166669, 0.00400000019
    443, 0.0163333341, 0.00400000019
    444, 0.0181666669, 0.00400000019
    445, 0.0190833341, 0.00400000019
    446, 0.0144999996,        0.023
    447, 0.0144999996, 0.0209999997
    448, 0.0144999996, 0.0189999994
    449, 0.0144999996, 0.0170000009
    450, 0.0144999996, 0.0149999997
    451, 0.0144999996, 0.0130000003
    452, 0.0144999996, 0.0109999999
    453, 0.0144999996, 0.00899999961
    454, 0.0144999996, 0.00700000022
    455, 0.0144999996, 0.00499999989
    456, 0.0125000002, 0.0240000002
    457, 0.0135000004, 0.0240000002
    458,       0.0115, 0.00499999989
    459,       0.0115, 0.00700000022
    460,       0.0115, 0.00899999961
    461,       0.0115, 0.0109999999
    462,       0.0115, 0.0130000003
    463,       0.0115, 0.0149999997
    464,       0.0115, 0.0170000009
    465,       0.0115, 0.0189999994
    466,       0.0115, 0.0209999997
    467,       0.0115,        0.023
    468, 0.00691666687, 0.00400000019
    469, 0.00783333369, 0.00400000019
    470, 0.00966666639, 0.00400000019
    471, 0.0105833337, 0.00400000019
    472, 0.00600000005,        0.023
    473, 0.00600000005, 0.0209999997
    474, 0.00600000005, 0.0189999994
    475, 0.00600000005, 0.0170000009
    476, 0.00600000005, 0.0149999997
    477, 0.00600000005, 0.0130000003
    478, 0.00600000005, 0.0109999999
    479, 0.00600000005, 0.00899999961
    480, 0.00600000005, 0.00700000022
    481, 0.00600000005, 0.00499999989
    482, 0.00400000019, 0.0240000002
    483, 0.00499999989, 0.0240000002
    484, 0.00300000003, 0.00499999989
    485, 0.00300000003, 0.00700000022
    486, 0.00300000003, 0.00899999961
    487, 0.00300000003, 0.0109999999
    488, 0.00300000003, 0.0130000003
    489, 0.00300000003, 0.0149999997
    490, 0.00300000003, 0.0170000009
    491, 0.00300000003, 0.0189999994
    492, 0.00300000003, 0.0209999997
    493, 0.00300000003,        0.023
    494, 0.00100000005, 0.00400000019
    495, 0.00200000009, 0.00400000019
    496,           0., 0.00100000005
    497,           0., 0.00300000003
    498, 0.0396418907, 0.00308832782
    499,  0.020347001, 0.00312489341
    500, 0.0119205927, 0.00309538003
    501, 0.0480853431, 0.0031061261
    502, 0.0490573421, 0.00310667092
    503, 0.0450331382, 0.00305894227
    504, 0.0318468362, 0.00316952611
    505, 0.0194109902, 0.00317051634
    506, 0.00647122553, 0.00315649132
    507, 0.0233903248, 0.00315981149
    508, 0.0500170253, 0.00311849872
    509, 0.0525559671, 0.00317711174
    510,   0.04137633, 0.00332915992
    511,  0.044030685, 0.00309102749
    512, 0.0327842832, 0.00312229549
    513, 0.0356085226, 0.00309152855
    514,  0.016924737, 0.00312198792
    515, 0.0243628398, 0.00311333407
    516, 0.0262586921, 0.00311367004
    517, 0.0272066742, 0.00311944517
    518,  0.017858712, 0.00318828342
    519, 0.0186287332, 0.00332587445
    520, 0.00744545832, 0.00318177789
    521, 0.00903680455, 0.00317585771
    522,  0.009981215, 0.00312221702
    523, 0.00824645534, 0.00331067294
    524, 0.0159761496, 0.00309537607
    525, 0.0509728268, 0.00317239459
    526, 0.0421470255, 0.00319612143
    527, 0.0337217338, 0.00309777516
    528, 0.0253173225, 0.00310765719
    529, 0.0517558604, 0.00330877304
    530, 0.0430642739, 0.0031231544
    531, 0.0346614309, 0.00308848382
    532,  0.028159786, 0.00315320306
    533,  0.010932304, 0.00310304598
    534, 0.0149830384, 0.00304659526
    535, 0.0365853012, 0.00312949484
    536, 0.0405871607, 0.00317163952
    537, 0.0535158776, 0.00316725532
    538, 0.0221720133, 0.00455518207
    539, 0.00503302226, 0.00433491729
    540, 0.0135491798, 0.00455782469
    541,  0.037821684, 0.00438195886
    542, 0.0304475278, 0.00428826688
    543, 0.0464514047, 0.00456008082
    544, 0.0549438633, 0.00434705196
    545,  0.057481762, 0.00306937401
    546, 0.0565151311, 0.000863459602
    547, 0.0586100668, 0.00305180089
    548, 0.0553444587, 0.0230547581
    549,   0.04698186, 0.0230505448
    550, 0.0386941321,  0.023120366
    551, 0.0135945827, 0.0226139463
    552, 0.0390268378, 0.0176943839
    553, 0.0304733515, 0.0225764979
    554, 0.0221312996, 0.0226619001
    555, 0.0221147574, 0.0175476242
    556, 0.00509604765, 0.0226147082
    557, 0.0213993881, 0.0231895633
    558, 0.0135476561, 0.0175012108
    559, 0.00505158491, 0.0175005086
    560, 0.0549500063, 0.00950049702
    561, 0.0381631553, 0.0104762539
    562, 0.0295745917, 0.00920572784
    563, 0.0210932512, 0.00920528267
    564, 0.0379932858, 0.00939606316
    565, 0.0464538522, 0.00950118154
    566,  0.054952953,  0.010499686
    567, 0.0464562215,  0.010499252
    568, 0.000905465393, 0.00133977784
    569, 0.0591496453, 0.00226775836
    570, 0.0549531281, 0.00547368638
    571, 0.0549515113, 0.00750017771
    572, 0.0381613448, 0.00647402275
    573, 0.0293330979, 0.00492953323
    574, 0.0211217683, 0.00520558655
    575,  0.037924204, 0.00753357634
    576, 0.0464553051, 0.00750317518
    577, 0.0464548692, 0.00551668461
    578, 0.0379706398, 0.00537668727
    579, 0.0590837523, 0.00133926235
    580, 0.0549576581, 0.00649499428
    581, 0.0464596823, 0.00650498457
    582, 0.00435046246,  0.023136057
    583, 0.00137732574, 0.00304500689
    584, 0.000843492046, 0.00225672871
    585, 0.00245289761, 0.000886253547
    586, 0.00450064102, 0.000933079573
    587, 0.00651681144, 0.000945645326
    588, 0.00858393498, 0.000959585188
    589, 0.0106124012, 0.000914093864
    590, 0.0126275867, 0.000884898123
    591, 0.0144938892, 0.000702629681
    592, 0.0163499806, 0.000894968864
    593, 0.0183937885, 0.00100780628
    594, 0.0205906816, 0.000797335641
    595, 0.0224513933, 0.000918262696
    596, 0.0244411919, 0.00091871334
    597, 0.0264352802, 0.000928118068
    598, 0.0284292698, 0.000949050824
    599, 0.0305303764, 0.000988819054
    600, 0.0325608216, 0.000923332002
    601, 0.0345394574, 0.000897413469
    602,  0.036532063, 0.000907215057
    603, 0.0385243744, 0.000885520887
    604, 0.0403869078, 0.00119117042
    605,  0.042636808, 0.000934928015
    606, 0.0446623564, 0.000843766378
    607, 0.0583195761, 0.000826270436
    608, 0.0503935814, 0.000928624067
    609, 0.0548967496,  0.021467872
    610, 0.0549515933, 0.0194972213
    611, 0.0549530722, 0.0174974632
    612, 0.0549522117,   0.01549986
    613, 0.0549519733,   0.01350113
    614, 0.0549553856, 0.0115001332
    615, 0.0483889915, 0.000907696784
    616, 0.0464379042, 0.0214644261
    617, 0.0464607812, 0.0194930565
    618, 0.0464606397, 0.0174939632
    619, 0.0464576855, 0.0154996663
    620, 0.0390601344, 0.0216291957
    621,  0.037895292, 0.0204451252
    622, 0.0381504819, 0.0184867401
    623, 0.0378854349, 0.0164561812
    624, 0.0381561406, 0.0144842193
    625, 0.0378893167, 0.0124547649
    626, 0.0378888287, 0.00845052488
    627, 0.0380093046, 0.0213499796
    628, 0.0379161872, 0.0195356645
    629, 0.0379769541, 0.0174024571
    630,  0.037916258, 0.0155360885
    631, 0.0390374884, 0.0136901475
    632, 0.0306112859, 0.0215448942
    633, 0.0295742843,  0.021196587
    634, 0.0295747314, 0.0172049664
    635, 0.0295747314, 0.0132049657
    636, 0.0304260999, 0.0192116033
    637,  0.030571688, 0.0205079094
    638,  0.030425163, 0.0152049474
    639, 0.0305594094,  0.016480783
    640, 0.0220935233, 0.0215905719
    641, 0.0219767801, 0.0185232349
    642, 0.0219739266, 0.0145240715
    643, 0.0219782516, 0.0105227167
    644, 0.0219791029, 0.00652726693
    645, 0.0221108794, 0.0195812602
    646, 0.0221158043, 0.0205579903
    647, 0.0221120305, 0.0155858248
    648, 0.0221217703, 0.0165857617
    649, 0.0221197214, 0.0135403425
    650, 0.0210661478, 0.0210829396
    651, 0.0210894458, 0.0172084011
    652, 0.0210907348, 0.0132044563
    653, 0.00506031513, 0.0205039103
    654, 0.0050456035, 0.0184994172
    655, 0.00504524074, 0.0165015496
    656, 0.00504665356, 0.0145028327
    657, 0.00504732598, 0.0125014251
    658, 0.0221334044, 0.00553672621
    659,  0.022117259, 0.00758510362
    660, 0.0221223012, 0.00953574572
    661, 0.0221161377, 0.0115849152
    662, 0.0221231561, 0.0125791356
    663, 0.0304251648, 0.0112049431
    664, 0.0305594094, 0.0124807833
    665,  0.037981946, 0.0134007651
    666, 0.0379185826, 0.0115343016
    667, 0.0464560762,   0.01350269
    668, 0.0464587733, 0.0115003167
    669, 0.0390379764, 0.00968615338
    670, 0.0304079838, 0.00723703858
    671,  0.030556431, 0.00848675705
    672, 0.0545067005, 0.000933044183
    673, 0.0524485521, 0.000963723345
    674, 0.0463666171, 0.00084534596
    675, 0.0135566955, 0.0205021016
    676, 0.0390273854, 0.0056762374
    677,   0.02212446, 0.00857821759
    678, 0.0135424538, 0.00650618877
    679, 0.0135394922, 0.00850593764
    680, 0.0135416957, 0.0105015244
    681, 0.0135407289, 0.0125033911
    682, 0.0135390945, 0.0145067414
    683, 0.0135403676, 0.0165036861
    684, 0.0135421129, 0.0184986126
    685, 0.00504653202, 0.00649521593
    686, 0.00504697626, 0.00850248057
    687, 0.0050476077, 0.0105006406
    688, 0.0574799888, 0.000864880683
    689, 0.0555237979, 0.000889259391
    690, 0.0534863658, 0.000949023757
    691, 0.0514140949, 0.000963194587
    692, 0.0493819006, 0.000917423284
    693, 0.0473736599, 0.000893503951
    694, 0.0455123037, 0.000704903854
    695, 0.0436609834, 0.000899869192
    696, 0.0416107588, 0.00102076074
    697, 0.0394081883, 0.000803040748
    698, 0.0375337005, 0.000914136122
    699, 0.0355350301, 0.000902997563
    700, 0.0335558243, 0.000910760951
    701,  0.031570062, 0.000954831368
    702, 0.0294547249, 0.000992574147
    703,  0.027426403, 0.000933526084
    704, 0.0254376624, 0.000921485014
    705, 0.0234480053, 0.000925110478
    706, 0.0214716624, 0.000886736612
    707,  0.019608032, 0.00119201571
    708, 0.0173525587, 0.000936743687
    709, 0.0153369047, 0.000834745471
    710, 0.0136466054, 0.000829923782
    711, 0.0116218543, 0.000903172011
    712, 0.00961159077, 0.000931823684
    713, 0.00755325193, 0.000968273031
    714, 0.00549834454, 0.000943518709
    715, 0.00340143451, 0.00104714127
    716, 0.00165860646, 0.000824978051
    717, 0.0549571849, 0.00850051083
    718, 0.0549585186, 0.0125004444
    719, 0.0549577214, 0.0145005239
    720, 0.0549582541, 0.0164989326
    721, 0.0549583323, 0.0184979942
    722,  0.054941982, 0.0204941221
    723, 0.0548240654, 0.0223024711
    724,  0.046459958, 0.00850174949
    725, 0.0464613251, 0.0125010563
    726, 0.0464610122, 0.0145012457
    727, 0.0464629941,  0.016497463
    728, 0.0464641228, 0.0184951741
    729,  0.046458371, 0.0204913784
    730, 0.0463859141, 0.0222999677
    731, 0.0135778077, 0.0215267465
    732, 0.0135417664, 0.0194993205
    733,  0.013536362, 0.0155040296
    734, 0.0135363182, 0.0135039305
    735, 0.0135377124, 0.0115011754
    736,  0.013536891, 0.00950278714
    737, 0.0135369981, 0.00750427041
    738, 0.0135417804, 0.00551676005
    739, 0.0128496448, 0.0231356304
    740, 0.00507972855, 0.0215277337
    741, 0.00504449336, 0.0195003357
    742, 0.00504102465, 0.0155016938
    743, 0.00504150614, 0.0135016516
    744, 0.00504194992, 0.0115004936
    745, 0.00504171243, 0.0095011685
    746, 0.0050415732, 0.00750050182
    747, 0.00503537944, 0.00546931662
    748, 0.00251215952, 0.0030199273
    749, 0.0197704528, 0.00234069256
    750, 0.0402241051, 0.00233562337
    751, 0.0212636814, 0.00319059193
    752, 0.0387128033, 0.00310521293
    753, 0.0113250855, 0.00236850535
    754, 0.0486768335, 0.00237514125
    755, 0.0506696776, 0.0024405194
    756, 0.0175557993, 0.00245970627
    757, 0.0424413569, 0.00246686209
    758, 0.00933158118, 0.00244221324
    759,   0.03414087, 0.00236402499
    760, 0.0444526188, 0.00232117949
    761, 0.0322218128, 0.0024253712
    762, 0.00702255918, 0.00246528001
    763, 0.0238848869, 0.00240132445
    764, 0.0277716592, 0.00242294068
    765,   0.01555641, 0.00231391331
    766, 0.0360816047, 0.00237315963
    767, 0.0529737286, 0.00246722018
    768, 0.0460567102, 0.00300676655
    769, 0.0308913756, 0.00328090671
    770, 0.00547497813, 0.0032702256
    771, 0.0222975761, 0.00336096669
    772, 0.0291033909, 0.00322314887
    773, 0.0139592718, 0.00299090683
    774, 0.0376819223, 0.00328144222
    775, 0.0545061752, 0.00328301848
    776,  0.012925026, 0.00302979536
    777, 0.0470876098, 0.00304326322
    778, 0.0303042438, 0.0053960802
    779, 0.0563089028, 0.00306882407
    780, 0.0206060708, 0.0230720751
    781, 0.0392135978, 0.0144874668
    782, 0.0376627408, 0.0230642017
    783, 0.0392090492, 0.0184902083
    784, 0.00356974546, 0.0230295174
    785, 0.0392073132, 0.0224028807
    786, 0.0305515025, 0.0173767991
    787, 0.0305515025, 0.0133767985
    788, 0.0392152853, 0.0104849199
    789, 0.0305508785, 0.00937813986
    790, 0.0392127261, 0.00648262678
    791, 0.0120693007, 0.0230292864
    792, 0.00370590668,  0.003030736
    793, 0.00419545546, 0.0170008112
    794, 0.0126919309, 0.0170019288
    795, 0.0294404812,  0.010480891
    796, 0.0209620316, 0.0103195757
    797, 0.0294196755, 0.00661199726
    798, 0.0209671333, 0.00632284628
    799, 0.0558055304, 0.0110000083
    800, 0.0294626448,   0.02231705
    801,   0.02944066, 0.0184818767
    802, 0.0294405054, 0.0144807668
    803, 0.0209613163, 0.0183215346
    804, 0.0209597405, 0.0143202711
    805, 0.0473082699, 0.0110000195
    806,  0.032139983, 0.00169132859
    807, 0.0299974233, 0.00193622382
    808,  0.027851712, 0.00169240555
    809,  0.025881052, 0.00166139705
    810,  0.021907853, 0.00165199232
    811, 0.0177142825, 0.00173830998
    812, 0.0156738777, 0.00157536881
    813, 0.0380774662, 0.00163595343
    814, 0.0422836989, 0.00174551725
    815, 0.0443326309, 0.00158335827
    816, 0.0558026247, 0.0049946676
    817, 0.0127097918, 0.00503043318
    818, 0.00418505911, 0.0049884012
    819, 0.0472906344, 0.00503172819
    820, 0.0558064282, 0.0169986561
    821, 0.00419543404, 0.0189999826
    822, 0.00419313367, 0.0150017701
    823, 0.00419359701, 0.00900134817
    824, 0.0558051392, 0.0189982038
    825, 0.0558058992, 0.0150001543
    826, 0.0558049381, 0.00900042057
    827, 0.00423067575, 0.0210145526
    828, 0.00419359421, 0.0130012641
    829, 0.00419284916, 0.00699859671
    830, 0.0557545796, 0.0209899973
    831, 0.0558062159, 0.0130005367
    832, 0.0558056124, 0.00699839182
    833, 0.00419385405, 0.0110005559
    834, 0.0467300639, 0.0015788899
    835, 0.0132827302, 0.00156279374
    836, 0.0112240156, 0.0016382871
    837, 0.0487792939,  0.001643967
    838, 0.00919503532, 0.00171068241
    839, 0.0508054569, 0.00171031605
    840, 0.0529515333, 0.00173255708
    841, 0.00704733003, 0.00173172995
    842, 0.00496877357, 0.00168586941
    843, 0.0550613366, 0.00167153717
    844, 0.0212160721, 0.0222661756
    845, 0.00305836066, 0.00206695963
    846,  0.056982439, 0.00229855627
    847, 0.0388077758, 0.0167625193
    848, 0.0388158709, 0.00875793584
    849, 0.0387551524, 0.00472122151
    850, 0.0388117395, 0.0127611086
    851, 0.0388210677, 0.0207406059
    852, 0.0382722691, 0.0222611036
    853, 0.0301867835, 0.0180780757
    854, 0.0301864073, 0.0100769643
    855, 0.0301865637, 0.0140765226
    856, 0.0301125254, 0.00623878883
    857, 0.0466279164, 0.00229180348
    858, 0.0258332286, 0.00238819164
    859, 0.0218454394, 0.00244202418
    860, 0.0294752214, 0.00396318547
    861, 0.00479802815, 0.00257484615
    862, 0.0552242137, 0.00257838634
    863, 0.0465162396, 0.00373714627
    864, 0.0295339078, 0.00583527982
    865, 0.00271184044, 0.00147480331
    866, 0.0388728976, 0.0192553252
    867, 0.0388739035, 0.0152549772
    868, 0.0388764516, 0.0112527413
    869, 0.0388789028, 0.00725084962
    870, 0.0360621512, 0.00164096721
    871, 0.0303438008, 0.00267844694
    872,  0.038576737, 0.0199967716
    873, 0.0385718383, 0.0160037391
    874, 0.0385748111, 0.0120022586
    875, 0.0385779068, 0.0079997899
    876, 0.0299834963, 0.00334986136
    877, 0.0296452176, 0.00266114972
    878, 0.00458642561, 0.0034707007
    879, 0.0294488426, 0.0193814635
    880, 0.0294484124,  0.011376787
    881, 0.0294405743, 0.00741073675
    882, 0.0294484161, 0.0153767634
    883, 0.0554079376, 0.00348680676
    884, 0.0340942889, 0.00163608859
    885,  0.023909146, 0.00166520872
    886, 0.0298159793, 0.0200834069
    887, 0.0298133437, 0.0120765138
    888, 0.0298075899, 0.00809176639
    889, 0.0298133455, 0.0160765089
    890, 0.0570155978, 0.0015620694
    891, 0.0381354801, 0.0023985079
    892, 0.0211776067, 0.0192691926
    893, 0.0211803541, 0.0112798931
    894, 0.0211819485, 0.00728065521
    895, 0.0211779866, 0.0152810104
    896, 0.0384457409, 0.00389408972
    897, 0.0215355754, 0.0179001987
    898, 0.0215389598, 0.00989583042
    899, 0.0215503518, 0.00589810638
    900, 0.0215360317, 0.0138972849
    901,  0.021513246, 0.0040866877
    902, 0.0133854328, 0.00227631861
    903, 0.0296871997, 0.0231787097
    904, 0.0473112911, 0.0169968028
    905, 0.0473117046, 0.0189954191
    906,  0.047309421, 0.0150003675
    907, 0.0473076068, 0.00900119822
    908, 0.0472944342, 0.0209870785
    909, 0.0473090634,  0.013001278
    910, 0.0473078154, 0.0070034219
    911, 0.0126928147, 0.0189993288
    912, 0.0126882903,  0.015004213
    913, 0.0126887653, 0.00900323875
    914, 0.0127285188,  0.021013489
    915, 0.0126888342, 0.0130030075
    916, 0.0126899658, 0.0070047304
    917, 0.0126896808, 0.0110013233
    918, 0.0300303921, 0.0219087582
    919, 0.0134908073, 0.00372968684
    920, 0.0563705973, 0.0230074134
    921, 0.0214228537, 0.0161539521
    922,  0.021424748, 0.0121510904
    923, 0.0214162469, 0.0201132596
    924, 0.0214262325, 0.00815095939
*Element, type=DC2D3
   1, 716, 311,  29
   2, 568, 496, 311
   3, 748, 495, 583
   4, 584, 497, 195
   5, 585,  29, 310
   6, 865, 715, 845
   7, 792, 193, 748
   8, 484, 273, 184
   9, 485, 274, 185
  10, 486, 275, 186
  11, 487, 276, 187
  12, 488, 277, 188
  13, 489, 278, 189
  14, 490, 279, 190
  15, 491, 280, 191
  16, 492, 281, 192
  17, 582, 483, 482
  18, 784, 582, 482
  19, 586,  28, 309
  20, 842, 586, 714
  21, 762, 506, 221
  22, 521, 470, 171
  23, 753, 500, 533
  24, 902, 835, 217
  25, 551, 446, 457
  26, 739, 457, 456
  27, 791, 739, 456
  28, 914, 466, 271
  29, 911, 465, 270
  30, 794, 464, 269
  31, 912, 463, 268
  32, 915, 462, 267
  33, 917, 461, 266
  34, 913, 460, 265
  35, 916, 459, 264
  36, 817, 458, 228
  37, 902, 218, 835
  38, 587,  27, 308
  39, 841, 587, 713
  40, 841, 220, 762
  41, 838, 219, 758
  42, 836, 218, 753
  43, 835, 710, 217
  44, 812, 765, 217
  45, 811, 756, 216
  46, 749, 707, 214
  47, 810, 706, 595
  48, 885, 763, 213
  49, 809, 704, 597
  50, 808, 764, 211
  51, 807, 599, 209
  52, 806, 208, 761
  53, 699, 601, 294
  54, 698, 602, 293
  55, 697, 603, 292
  56, 696, 604, 291
  57, 695, 605, 290
  58, 694, 606, 289
  59, 834, 674, 693
  60, 837, 754, 201
  61, 839, 755, 200
  62, 840, 767, 199
  63, 843, 672, 689
  64, 890, 846, 197
  65, 579, 282, 313
  66, 607, 282, 579
  67, 569, 312, 547
  68, 547, 312, 315
  69, 846, 779, 197
  70, 816, 544, 224
  71, 883, 544, 775
  72, 775, 537, 198
  73, 537, 341, 509
  74, 509, 341, 340
  75, 525,  56, 339
  76, 608,   5, 286
  77, 325, 224,  34
  78, 832, 571, 580
  79, 570, 328, 544
  80, 830, 317, 238
  81, 920,  35, 316
  82, 920, 327, 548
  83, 723, 337,  54
  84, 722, 610, 237
  85, 830, 609, 722
  86, 721, 611, 236
  87, 820, 319, 236
  88, 318, 236,  37
  89, 824, 318, 237
  90, 317, 237,  36
  91, 825, 320, 235
  92, 319, 235,  38
  93, 720, 612, 235
  94, 820, 611, 720
  95, 719, 613, 234
  96, 825, 612, 719
  97, 718, 614, 233
  98, 799, 322, 233
  99, 321, 233,  40
 100, 831, 321, 234
 101, 320, 234,  39
 102, 824, 610, 721
 103, 831, 613, 718
 104, 614, 331, 566
 105, 826, 323, 232
 106, 322, 232,  41
 107, 799, 614, 566
 108, 717, 571, 231
 109, 832, 324, 231
 110, 323, 231,  42
 111, 826, 560, 717
 112, 580, 571, 329
 113, 816, 325, 230
 114, 324, 230,  43
 115, 755, 508, 200
 116, 754, 501, 201
 117, 615,   6, 287
 118, 908, 343, 247
 119,  58, 342, 247
 120, 549, 342, 353
 121, 511, 503, 367
 122, 606,   8, 289
 123, 905, 344, 246
 124, 343, 246,  59
 125, 729, 617, 246
 126, 908, 616, 729
 127, 728, 618, 245
 128, 905, 617, 728
 129, 904, 345, 245
 130, 344, 245,  60
 131, 906, 346, 244
 132, 345, 244,  61
 133, 727, 619, 244
 134, 904, 618, 727
 135, 726, 667, 243
 136, 906, 619, 726
 137, 909, 347, 243
 138, 346, 243,  62
 139, 760, 503, 511
 140, 526, 510, 204
 141, 605,   9, 290
 142, 526, 365, 510
 143, 536, 204, 510
 144, 604,  10, 291
 145, 852, 620, 785
 146, 550, 368, 379
 147, 782, 550, 378
 148, 866, 622, 783
 149, 629, 622,  98
 150, 867, 624, 781
 151, 850, 665, 625
 152, 666, 625,  95
 153, 564, 561,  94
 154, 626,  93, 575
 155, 578,  92, 380
 156, 774, 541, 101
 157, 535, 101, 393
 158, 602,  12, 293
 159, 866, 783, 370
 160, 369, 251,  82
 161, 851, 369, 620
 162, 851, 627, 621
 163, 872, 628, 866
 164, 628, 387, 622
 165, 629, 552, 622
 166, 867, 781, 372
 167, 371, 250,  84
 168, 847, 371, 552
 169, 847, 629, 623
 170, 873, 630, 867
 171, 630, 385, 624
 172, 781, 631,  85
 173, 766, 513, 207
 174, 759, 531, 527
 175, 601,  13, 294
 176, 527, 391, 512
 177, 504, 390, 103
 178, 701, 209, 599
 179, 632, 104, 553
 180, 553, 394, 405
 181, 903, 800, 553
 182, 918, 800, 633
 183, 879, 801, 636
 184, 634, 412, 257
 185, 882, 802, 638
 186, 635, 410, 255
 187, 880, 795, 663
 188, 562, 408, 253
 189, 881, 797, 670
 190, 860, 573, 124
 191, 532, 124, 419
 192, 703, 211, 597
 193, 636, 396, 105
 194, 637, 395, 632
 195, 886, 633, 259
 196, 879, 413, 801
 197, 853, 634, 786
 198, 413, 259, 122
 199, 853, 801, 634
 200, 396, 258, 106
 201, 638, 398, 107
 202, 786, 639, 397
 203, 889, 882, 638
 204, 882, 411, 802
 205, 855, 635, 787
 206, 411, 257, 120
 207, 855, 802, 635
 208, 398, 256, 108
 209, 764, 517, 211
 210, 858, 809, 211
 211, 704, 212, 596
 212, 528, 417, 515
 213, 507, 416, 126
 214, 705, 213, 595
 215, 640, 127, 554
 216, 554, 420, 431
 217, 923, 646, 650
 218, 641, 555, 129
 219, 921, 648, 651
 220, 642, 131, 424
 221, 922, 652, 261
 222, 898, 796, 563
 223, 677, 427, 660
 224, 899, 798, 574
 225, 538, 126, 429
 226, 751, 499, 214
 227, 706, 214, 594
 228, 645, 422, 128
 229, 646, 421, 640
 230, 555, 423, 129
 231, 892, 641, 645
 232, 647, 424, 130
 233, 648, 423, 555
 234, 649, 131, 642
 235, 895, 437, 804
 236, 557, 431, 430
 237, 844, 780, 146
 238, 923, 650, 263
 239, 897, 651, 555
 240, 921, 651, 262
 241, 895, 642, 647
 242, 922, 662, 652
 243, 893, 643, 661
 244, 563, 434, 260
 245, 894, 644, 659
 246, 901, 574, 227
 247, 749, 499, 505
 248, 707, 215, 593
 249, 519, 505, 445
 250, 756, 514, 216
 251, 708, 216, 592
 252, 514, 148, 443
 253, 765, 524, 534
 254, 709, 217, 591
 255, 533, 471, 522
 256, 523, 171, 469
 257, 827, 653, 740
 258, 556, 173, 472
 259, 821, 654, 741
 260, 740, 473, 173
 261, 793, 655, 559
 262, 654, 559, 175
 263, 822, 656, 742
 264, 655, 475, 559
 265, 828, 657, 743
 266, 742, 476, 176
 267, 827, 492, 280
 268, 821, 491, 279
 269, 793, 490, 278
 270, 822, 489, 277
 271, 828, 488, 276
 272, 833, 487, 275
 273, 823, 486, 274
 274, 829, 485, 273
 275, 818, 484, 229
 276, 770, 221, 506
 277, 878, 792, 861
 278, 747, 481, 181
 279, 818, 539, 747
 280, 829, 685, 746
 281, 823, 686, 745
 282, 833, 687, 744
 283, 743, 657, 477
 284, 901, 771, 538
 285, 644, 135, 428
 286, 677, 134, 427
 287, 643, 133, 426
 288, 662, 661, 132
 289, 662, 425, 649
 290, 663, 400, 109
 291, 787, 664, 399
 292, 887, 880, 663
 293, 880, 409, 795
 294, 854, 562, 789
 295, 409, 255, 118
 296, 868, 788, 374
 297, 373, 249,  86
 298, 850, 631, 665
 299, 665, 384, 625
 300, 874, 666, 868
 301, 666, 383, 561
 302, 805, 348, 242
 303, 347, 242,  63
 304, 725, 668, 242
 305, 909, 667, 725
 306, 668, 357, 567
 307, 805, 668, 567
 308, 854, 795, 562
 309, 400, 254, 110
 310, 669, 561, 564
 311, 907, 349, 241
 312, 348, 241,  64
 313, 670, 402, 111
 314, 789, 671, 401
 315, 888, 881, 670
 316, 881, 407, 797
 317, 856, 670, 797
 318, 407, 253, 116
 319, 869, 790, 376
 320, 375, 248,  88
 321, 848, 564, 626
 322, 875, 626, 575
 323, 869, 572, 790
 324, 575, 381, 572
 325, 910, 350, 240
 326, 349, 240,  65
 327, 724, 576, 240
 328, 907, 565, 724
 329, 581, 577, 239
 330, 910, 576, 581
 331, 846, 545, 779
 332, 688, 283,   1
 333, 672,   3, 284
 334, 673,   4, 285
 335, 674,   7, 288
 336, 857, 834, 201
 337, 603,  11, 292
 338, 891, 813, 205
 339, 702, 210, 598
 340, 871, 807, 209
 341, 835, 590, 710
 342, 836, 589, 711
 343, 838, 588, 712
 344, 845, 748, 223
 345, 863, 777, 225
 346, 577, 354, 543
 347, 819, 543, 225
 348, 351, 225,  57
 349, 857, 202, 834
 350, 752, 498, 226
 351, 578, 572,  92
 352, 578, 380, 541
 353, 377, 226,  80
 354, 896, 752, 226
 355, 877, 876, 772
 356, 778, 403, 252
 357, 778, 573, 542
 358, 658, 429, 135
 359, 499, 227, 147
 360, 773, 217, 534
 361, 738, 455, 158
 362, 458, 264, 161
 363, 817, 540, 738
 364, 916, 678, 737
 365, 913, 679, 736
 366, 917, 680, 735
 367, 915, 681, 734
 368, 912, 682, 733
 369, 794, 683, 558
 370, 911, 684, 732
 371, 914, 675, 731
 372, 731, 675, 447
 373, 466, 272, 169
 374, 819, 351, 239
 375, 350, 239,  66
 376, 730, 363,  77
 377, 676, 572, 578
 378, 782, 378,  91
 379, 864, 778, 856
 380, 402, 252, 112
 381, 903, 415, 800
 382, 894, 433, 798
 383, 677, 660, 563
 384, 433, 260, 139
 385, 893, 435, 796
 386, 435, 261, 141
 387, 437, 262, 143
 388, 439, 263, 145
 389, 459, 265, 162
 390, 737, 679, 265
 391, 460, 266, 163
 392, 736, 680, 266
 393, 461, 267, 164
 394, 735, 681, 267
 395, 462, 268, 165
 396, 734, 682, 268
 397, 463, 269, 166
 398, 733, 450, 153
 399, 464, 270, 167
 400, 683, 449, 558
 401, 465, 271, 168
 402, 684, 558, 152
 403, 746, 686, 274
 404, 745, 687, 275
 405, 744, 687, 478
 406, 282,  30, 313
 407, 688,   1, 607
 408, 689,   2, 546
 409, 690, 285,   3
 410, 691, 286,   4
 411, 692, 287,   5
 412, 693, 288,   6
 413, 694, 289,   7
 414, 695, 290,   8
 415, 696, 291,   9
 416, 697, 292,  10
 417, 698, 293,  11
 418, 699, 294,  12
 419, 884, 759, 208
 420, 806, 761, 209
 421, 807, 702, 599
 422, 808, 210, 764
 423, 809, 597, 211
 424, 885, 212, 763
 425, 810, 595, 213
 426, 707, 594, 214
 427, 811, 593, 215
 428, 812, 592, 216
 429, 710,  23, 591
 430, 711,  24, 590
 431, 712,  25, 589
 432, 713,  26, 588
 433, 714,  27, 587
 434, 715,  28, 586
 435, 716, 585, 223
 436, 312,  33, 315
 437, 579,  32, 569
 438, 545, 314,  34
 439, 547, 314, 545
 440, 920,  44, 327
 441, 317,  35, 238
 442, 318,  36, 237
 443, 319,  37, 236
 444, 320,  38, 235
 445, 321,  39, 234
 446, 322,  40, 233
 447, 323,  41, 232
 448, 324,  42, 231
 449, 325,  43, 230
 450, 326,  45, 337
 451, 548, 327, 326
 452, 544, 328,  55
 453, 580,  46, 570
 454, 717,  47, 571
 455, 566,  48, 560
 456, 718,  49, 614
 457, 719,  50, 613
 458, 720,  51, 612
 459, 721,  52, 611
 460, 722,  53, 610
 461, 723, 609, 238
 462, 502, 338,  57
 463, 508, 338, 502
 464, 529, 340,  56
 465, 529, 509, 340
 466, 342,  67, 353
 467, 343,  58, 247
 468, 344,  59, 246
 469, 345,  60, 245
 470, 346,  61, 244
 471, 347,  62, 243
 472, 348,  63, 242
 473, 349,  64, 241
 474, 350,  65, 240
 475, 351,  66, 239
 476, 352,  68, 363
 477, 549, 353, 352
 478, 543, 354,  78
 479, 581,  69, 577
 480, 724,  70, 576
 481, 567,  71, 565
 482, 725,  72, 668
 483, 726,  73, 667
 484, 727,  74, 619
 485, 728,  75, 618
 486, 729,  76, 617
 487, 730, 616, 247
 488, 536, 510, 364
 489, 510, 365, 364
 490, 530,  79, 526
 491, 511, 367, 366
 492, 368,  90, 379
 493, 370,  82, 251
 494, 372,  84, 250
 495, 374,  86, 249
 496, 376,  88, 248
 497, 782,  91, 389
 498, 550, 379, 378
 499, 769, 504, 103
 500, 512, 391, 390
 501, 531, 102, 527
 502, 513, 393, 392
 503, 394, 113, 405
 504, 397, 106, 258
 505, 399, 108, 256
 506, 401, 110, 254
 507, 403, 112, 252
 508, 415, 404, 114
 509, 903, 405, 404
 510, 408, 116, 253
 511, 410, 118, 255
 512, 412, 120, 257
 513, 414, 122, 259
 514, 771, 126, 538
 515, 515, 417, 416
 516, 516, 418, 125
 517, 517, 418, 516
 518, 420, 136, 431
 519, 780, 137, 441
 520, 557, 554, 431
 521, 432, 147, 227
 522, 434, 139, 260
 523, 436, 141, 261
 524, 438, 143, 262
 525, 440, 145, 263
 526, 534, 442, 149
 527, 524, 514, 443
 528, 518, 444, 148
 529, 519, 445, 444
 530, 446, 159, 457
 531, 731, 150, 551
 532, 732, 151, 675
 533, 558, 449, 152
 534, 733, 153, 683
 535, 734, 154, 682
 536, 735, 155, 681
 537, 736, 156, 680
 538, 737, 157, 679
 539, 738, 158, 678
 540, 791, 160, 467
 541, 739, 551, 457
 542, 458, 170, 228
 543, 459, 161, 264
 544, 460, 162, 265
 545, 461, 163, 266
 546, 462, 164, 267
 547, 463, 165, 268
 548, 464, 166, 269
 549, 465, 167, 270
 550, 466, 168, 271
 551, 791, 169, 272
 552, 506, 468, 172
 553, 520, 469, 468
 554, 523, 521, 171
 555, 522, 471, 470
 556, 483, 472, 182
 557, 740, 173, 556
 558, 741, 174, 653
 559, 559, 475, 175
 560, 742, 176, 655
 561, 743, 177, 656
 562, 744, 178, 657
 563, 745, 179, 687
 564, 746, 180, 686
 565, 747, 181, 685
 566, 784, 183, 493
 567, 582, 556, 483
 568, 484, 193, 229
 569, 485, 184, 273
 570, 486, 185, 274
 571, 487, 186, 275
 572, 488, 187, 276
 573, 489, 188, 277
 574, 490, 189, 278
 575, 491, 190, 279
 576, 492, 191, 280
 577, 784, 192, 281
 578, 494, 194, 497
 579, 583, 495, 494
 580, 496,  31, 311
 581, 584, 583, 497
 582, 750, 536, 498
 583, 498,  80, 226
 584, 505, 499, 147
 585, 859, 214, 810
 586, 500, 228, 170
 587, 533, 522, 219
 588, 754, 502, 501
 589, 501,  57, 225
 590, 508, 502, 200
 591, 502,  57, 501
 592, 768, 503, 202
 593, 503,  78, 367
 594, 761, 504, 209
 595, 761, 512, 504
 596, 505, 147, 445
 597, 749, 505, 215
 598, 770, 506, 172
 599, 762, 520, 506
 600, 763, 507, 213
 601, 763, 515, 507
 602, 755, 525, 508
 603, 508, 339, 338
 604, 767, 509, 199
 605, 767, 537, 509
 606, 536, 364,  80
 607, 757, 526, 204
 608, 530, 366,  79
 609, 760, 511, 203
 610, 512, 390, 504
 611, 527, 512, 208
 612, 531, 392, 102
 613, 766, 535, 513
 614, 524, 443, 442
 615, 756, 518, 514
 616, 515, 416, 507
 617, 528, 516, 125
 618, 528, 125, 417
 619, 517, 516, 211
 620, 764, 532, 517
 621, 517, 419, 418
 622, 519, 518, 215
 623, 518, 148, 514
 624, 519, 444, 518
 625, 519, 215, 505
 626, 523, 520, 220
 627, 520, 468, 506
 628, 758, 521, 220
 629, 758, 522, 521
 630, 522, 470, 521
 631, 753, 533, 219
 632, 523, 469, 520
 633, 523, 220, 521
 634, 534, 524, 442
 635, 524, 216, 514
 636, 529, 525, 199
 637, 525, 339, 508
 638, 757, 530, 526
 639, 526,  79, 365
 640, 759, 527, 208
 641, 527, 102, 391
 642, 528, 515, 212
 643, 858, 212, 809
 644, 529,  56, 525
 645, 529, 199, 509
 646, 530, 203, 511
 647, 530, 511, 366
 648, 531, 207, 513
 649, 531, 513, 392
 650, 772, 532, 210
 651, 532, 419, 517
 652, 533, 500, 170
 653, 533, 170, 471
 654, 773, 534, 149
 655, 765, 534, 217
 656, 896, 774, 752
 657, 535, 393, 513
 658, 536,  80, 498
 659, 750, 498, 205
 660, 862, 198, 843
 661, 537,  55, 341
 662, 658, 135, 644
 663, 901, 751, 771
 664, 878, 539, 229
 665, 539, 172, 481
 666, 919, 228, 776
 667, 540, 149, 455
 668, 849, 377, 676
 669, 541, 380, 101
 670, 876, 860, 772
 671, 542, 103, 403
 672, 863,  78, 768
 673, 819, 577, 543
 674, 775, 544,  55
 675, 816, 570, 544
 676, 779, 545,  34
 677, 547, 545, 196
 678, 689, 672, 284
 679, 546,   2, 283
 680, 569, 547, 196
 681, 547, 315, 314
 682, 548, 326, 337
 683, 920, 548, 238
 684, 549, 352, 363
 685, 549, 247, 342
 686, 852, 782, 100
 687, 785, 368, 550
 688, 914, 731, 272
 689, 551, 150, 446
 690, 552, 371,  83
 691, 783, 552,  83
 692, 918, 633, 632
 693, 553, 104, 394
 694, 844, 650, 640
 695, 554, 127, 420
 696, 641, 129, 422
 697, 897, 803, 651
 698, 556, 472, 483
 699, 740, 653, 473
 700, 780, 430, 137
 701, 780, 557, 430
 702, 684, 152, 448
 703, 794, 558, 270
 704, 654, 175, 474
 705, 793, 559, 279
 706, 566, 560, 232
 707, 560,  48, 330
 708, 788, 561, 669
 709, 561, 383,  94
 710, 888, 562, 253
 711, 562, 117, 408
 712, 563, 140, 434
 713, 924, 677, 563
 714, 564,  94, 382
 715, 848, 375, 669
 716, 567, 565, 241
 717, 565,  71, 356
 718, 799, 566, 232
 719, 566, 331,  48
 720, 805, 567, 241
 721, 567, 357,  71
 722, 584, 223, 583
 723, 568, 195, 496
 724, 579, 569, 196
 725, 569,  32, 312
 726, 832, 580, 230
 727, 570,  46, 328
 728, 826, 717, 231
 729, 571,  47, 329
 730, 790, 572, 676
 731, 572, 381,  92
 732, 573, 115, 406
 733, 573, 406, 124
 734, 574, 138, 432
 735, 574, 432, 227
 736, 848, 669, 564
 737, 575,  93, 381
 738, 907, 724, 240
 739, 576,  70, 355
 740, 910, 581, 239
 741, 577,  69, 354
 742, 849, 676, 578
 743, 849, 578, 541
 744, 607, 579, 196
 745, 579, 313,  32
 746, 580, 329,  46
 747, 580, 570, 230
 748, 581, 576, 355
 749, 581, 355,  69
 750, 784, 482, 183
 751, 582, 281, 556
 752, 583, 494, 497
 753, 748, 583, 223
 754, 584, 195, 568
 755, 584, 568, 223
 756, 715, 586, 222
 757, 716, 223, 568
 758, 714, 587, 221
 759, 845, 715, 222
 760, 713, 588, 220
 761, 842, 714, 221
 762, 588,  26, 307
 763, 712, 589, 219
 764, 589,  25, 306
 765, 711, 590, 218
 766, 590,  24, 305
 767, 710, 591, 217
 768, 591,  23, 304
 769, 709, 304,  22
 770, 592,  22, 303
 771, 708, 303,  21
 772, 593,  21, 302
 773, 707, 302,  20
 774, 594,  20, 301
 775, 706, 301,  19
 776, 595,  19, 300
 777, 705, 300,  18
 778, 596,  18, 299
 779, 704, 299,  17
 780, 597,  17, 298
 781, 703, 298,  16
 782, 598,  16, 297
 783, 702, 297,  15
 784, 599,  15, 296
 785, 701, 296,  14
 786, 600,  14, 295
 787, 700, 295,  13
 788, 884, 207, 759
 789, 700, 208, 600
 790, 870, 206, 766
 791, 870, 766, 207
 792, 813, 603, 205
 793, 813, 698, 603
 794, 750, 604, 204
 795, 697, 604, 205
 796, 814, 203, 757
 797, 814, 696, 605
 798, 815, 202, 760
 799, 815, 695, 606
 800, 688, 607, 196
 801, 607,   1, 282
 802, 692, 608, 200
 803, 691, 608, 286
 804, 723, 238, 548
 805, 609,  54, 336
 806, 830, 722, 237
 807, 610,  53, 335
 808, 824, 721, 236
 809, 611,  52, 334
 810, 820, 720, 235
 811, 612,  51, 333
 812, 825, 719, 234
 813, 613,  50, 332
 814, 831, 718, 233
 815, 614,  49, 331
 816, 693, 615, 201
 817, 692, 615, 287
 818, 730, 247, 549
 819, 616,  77, 362
 820, 908, 729, 246
 821, 617,  76, 361
 822, 905, 728, 245
 823, 618,  75, 360
 824, 904, 727, 244
 825, 619,  74, 359
 826, 620, 369,  81
 827, 785, 620,  81
 828, 872, 851, 621
 829, 621, 388,  99
 830, 783, 622, 552
 831, 622, 387,  98
 832, 873, 847, 623
 833, 623, 386,  97
 834, 781, 624, 631
 835, 624, 385,  96
 836, 850, 373, 631
 837, 625, 384,  95
 838, 626, 564, 382
 839, 626, 382,  93
 840, 627, 100, 388
 841, 627, 388, 621
 842, 628, 621,  99
 843, 628,  99, 387
 844, 629,  98, 386
 845, 629, 386, 623
 846, 630, 623,  97
 847, 630,  97, 385
 848, 631, 373,  85
 849, 665, 631, 624
 850, 633, 123, 414
 851, 632, 395, 104
 852, 633, 414, 259
 853, 886, 879, 636
 854, 889, 634, 257
 855, 634, 121, 412
 856, 887, 635, 255
 857, 635, 119, 410
 858, 636, 258, 396
 859, 637, 636, 105
 860, 637, 105, 395
 861, 637, 632, 633
 862, 638, 256, 398
 863, 639, 638, 107
 864, 639, 107, 397
 865, 786, 397, 258
 866, 844, 640, 554
 867, 640, 421, 127
 868, 645, 641, 422
 869, 892, 439, 803
 870, 647, 642, 424
 871, 900, 652, 649
 872, 661, 643, 426
 873, 898, 563, 660
 874, 659, 644, 428
 875, 899, 574, 658
 876, 646, 645, 128
 877, 892, 803, 641
 878, 646, 128, 421
 879, 650, 646, 640
 880, 648, 647, 130
 881, 895, 804, 642
 882, 648, 130, 423
 883, 651, 648, 555
 884, 900, 804, 652
 885, 649, 425, 131
 886, 650, 146, 440
 887, 650, 440, 263
 888, 651, 144, 438
 889, 651, 438, 262
 890, 652, 142, 436
 891, 652, 436, 261
 892, 741, 654, 474
 893, 653, 174, 473
 894, 741, 474, 174
 895, 654, 279, 559
 896, 742, 656, 476
 897, 655, 176, 475
 898, 828, 743, 277
 899, 656, 177, 476
 900, 833, 744, 276
 901, 657, 178, 477
 902, 658, 574, 538
 903, 658, 538, 429
 904, 894, 798, 644
 905, 659, 428, 134
 906, 660, 427, 133
 907, 660, 133, 643
 908, 893, 796, 643
 909, 661, 426, 132
 910, 662, 132, 425
 911, 662, 649, 652
 912, 663, 254, 400
 913, 664, 663, 109
 914, 664, 109, 399
 915, 787, 399, 256
 916, 665, 624,  96
 917, 665,  96, 384
 918, 666,  95, 383
 919, 868, 561, 788
 920, 906, 726, 243
 921, 667,  73, 358
 922, 909, 725, 242
 923, 668,  72, 357
 924, 669, 375,  87
 925, 788, 669,  87
 926, 670, 252, 402
 927, 671, 670, 111
 928, 671, 111, 401
 929, 789, 401, 254
 930, 690, 672, 198
 931, 689, 284,   2
 932, 691, 673, 199
 933, 690, 673, 285
 934, 694, 674, 202
 935, 693, 674, 288
 936, 732, 684, 448
 937, 675, 151, 447
 938, 676, 377,  89
 939, 790, 676,  89
 940, 924, 563, 260
 941, 677, 659, 134
 942, 738, 678, 264
 943, 678, 158, 454
 944, 916, 737, 265
 945, 679, 157, 453
 946, 913, 736, 266
 947, 680, 156, 452
 948, 917, 735, 267
 949, 681, 155, 451
 950, 915, 734, 268
 951, 682, 154, 450
 952, 733, 683, 269
 953, 683, 153, 449
 954, 732, 448, 151
 955, 684, 270, 558
 956, 747, 685, 273
 957, 685, 181, 480
 958, 829, 746, 274
 959, 686, 180, 479
 960, 823, 745, 275
 961, 687, 179, 478
 962, 890, 196, 846
 963, 688, 546, 283
 964, 689, 546, 197
 965, 843, 689, 197
 966, 690,   3, 672
 967, 840, 690, 198
 968, 691,   4, 673
 969, 839, 691, 199
 970, 692,   5, 608
 971, 837, 692, 200
 972, 693,   6, 615
 973, 834, 693, 201
 974, 694,   7, 674
 975, 694, 202, 606
 976, 695,   8, 606
 977, 695, 203, 605
 978, 696,   9, 605
 979, 696, 204, 604
 980, 697,  10, 604
 981, 697, 205, 603
 982, 698,  11, 603
 983, 698, 206, 602
 984, 699,  12, 602
 985, 699, 207, 601
 986, 700, 600, 295
 987, 700,  13, 601
 988, 701, 599, 296
 989, 701,  14, 600
 990, 702, 598, 297
 991, 702,  15, 599
 992, 703, 597, 298
 993, 703,  16, 598
 994, 704, 596, 299
 995, 704,  17, 597
 996, 705, 595, 300
 997, 705,  18, 596
 998, 706, 594, 301
 999, 706,  19, 595
1000, 707, 593, 302
1001, 707,  20, 594
1002, 708, 592, 303
1003, 708,  21, 593
1004, 709, 591, 304
1005, 709,  22, 592
1006, 710, 590, 305
1007, 710, 305,  23
1008, 711, 589, 306
1009, 711, 306,  24
1010, 712, 588, 307
1011, 712, 307,  25
1012, 713, 587, 308
1013, 713, 308,  26
1014, 714, 586, 309
1015, 714, 309,  27
1016, 715, 585, 310
1017, 715, 310,  28
1018, 716, 568, 311
1019, 716,  29, 585
1020, 717, 560, 330
1021, 717, 330,  47
1022, 718, 613, 332
1023, 718, 332,  49
1024, 719, 612, 333
1025, 719, 333,  50
1026, 720, 611, 334
1027, 720, 334,  51
1028, 721, 610, 335
1029, 721, 335,  52
1030, 722, 609, 336
1031, 722, 336,  53
1032, 723, 548, 337
1033, 723,  54, 609
1034, 724, 565, 356
1035, 724, 356,  70
1036, 725, 667, 358
1037, 725, 358,  72
1038, 726, 619, 359
1039, 726, 359,  73
1040, 727, 618, 360
1041, 727, 360,  74
1042, 728, 617, 361
1043, 728, 361,  75
1044, 729, 616, 362
1045, 729, 362,  76
1046, 730, 549, 363
1047, 730,  77, 616
1048, 731, 447, 150
1049, 731, 551, 272
1050, 732, 675, 271
1051, 911, 732, 271
1052, 912, 733, 269
1053, 733, 682, 450
1054, 734, 681, 451
1055, 734, 451, 154
1056, 735, 680, 452
1057, 735, 452, 155
1058, 736, 679, 453
1059, 736, 453, 156
1060, 737, 678, 454
1061, 737, 454, 157
1062, 817, 738, 264
1063, 738, 540, 455
1064, 791, 456, 160
1065, 739, 272, 551
1066, 740, 556, 281
1067, 827, 740, 281
1068, 741, 653, 280
1069, 821, 741, 280
1070, 742, 655, 278
1071, 822, 742, 278
1072, 743, 477, 177
1073, 743, 656, 277
1074, 744, 478, 178
1075, 744, 657, 276
1076, 745, 686, 479
1077, 745, 479, 179
1078, 746, 685, 480
1079, 746, 480, 180
1080, 818, 747, 273
1081, 747, 539, 481
1082, 845, 792, 748
1083, 748, 193, 495
1084, 749, 215, 707
1085, 749, 214, 499
1086, 750, 205, 604
1087, 750, 204, 536
1088, 859, 810, 213
1089, 751, 227, 499
1090, 774, 101, 535
1091, 752, 205, 498
1092, 836, 753, 219
1093, 753, 218, 500
1094, 837, 201, 615
1095, 754, 200, 502
1096, 839, 200, 608
1097, 755, 199, 525
1098, 811, 216, 708
1099, 756, 215, 518
1100, 814, 757, 204
1101, 757, 203, 530
1102, 838, 758, 220
1103, 758, 219, 522
1104, 884, 208, 700
1105, 759, 207, 531
1106, 815, 760, 203
1107, 760, 202, 503
1108, 806, 209, 701
1109, 761, 208, 512
1110, 841, 762, 221
1111, 762, 220, 520
1112, 885, 213, 705
1113, 763, 212, 515
1114, 808, 211, 703
1115, 764, 210, 532
1116, 812, 217, 709
1117, 765, 216, 524
1118, 870, 207, 699
1119, 766, 206, 535
1120, 840, 199, 673
1121, 767, 198, 537
1122, 777, 201, 501
1123, 768,  78, 503
1124, 769, 209, 504
1125, 769, 103, 542
1126, 770, 172, 539
1127, 861, 842, 221
1128, 771, 213, 507
1129, 771, 507, 126
1130, 772, 124, 532
1131, 877, 807, 871
1132, 919, 149, 540
1133, 919, 776, 773
1134, 774, 535, 206
1135, 891, 206, 813
1136, 883, 779, 224
1137, 775,  55, 537
1138, 776, 228, 500
1139, 776, 500, 218
1140, 777, 501, 225
1141, 863, 225, 543
1142, 778, 542, 403
1143, 864, 856, 797
1144, 779,  34, 224
1145, 883, 862, 779
1146, 780, 441, 146
1147, 844, 146, 650
1148, 781,  85, 372
1149, 867, 372, 250
1150, 782, 389, 100
1151, 852, 100, 627
1152, 783,  83, 370
1153, 866, 370, 251
1154, 784, 493, 192
1155, 784, 281, 582
1156, 785,  81, 368
1157, 852, 785, 550
1158, 853, 636, 801
1159, 786, 634, 639
1160, 855, 638, 802
1161, 787, 635, 664
1162, 788,  87, 374
1163, 868, 374, 249
1164, 854, 663, 795
1165, 789, 562, 671
1166, 790,  89, 376
1167, 869, 376, 248
1168, 791, 467, 169
1169, 791, 272, 739
1170, 861, 792, 222
1171, 792, 229, 193
1172, 793, 279, 490
1173, 793, 278, 655
1174, 794, 270, 464
1175, 794, 269, 683
1176, 795, 409, 117
1177, 795, 117, 562
1178, 796, 435, 140
1179, 796, 140, 563
1180, 797, 407, 115
1181, 864, 115, 573
1182, 798, 433, 138
1183, 798, 138, 574
1184, 799, 232, 322
1185, 799, 233, 614
1186, 800, 415, 123
1187, 800, 123, 633
1188, 801, 413, 121
1189, 801, 121, 634
1190, 802, 411, 119
1191, 802, 119, 635
1192, 803, 439, 144
1193, 803, 144, 651
1194, 804, 437, 142
1195, 804, 142, 652
1196, 805, 241, 348
1197, 805, 242, 668
1198, 806, 701, 600
1199, 806, 600, 208
1200, 871, 209, 769
1201, 807, 210, 702
1202, 808, 703, 598
1203, 808, 598, 210
1204, 858, 211, 516
1205, 809, 212, 704
1206, 859, 213, 771
1207, 810, 214, 706
1208, 811, 708, 593
1209, 811, 215, 756
1210, 812, 709, 592
1211, 812, 216, 765
1212, 891, 205, 752
1213, 813, 206, 698
1214, 814, 204, 696
1215, 814, 605, 203
1216, 815, 203, 695
1217, 815, 606, 202
1218, 816, 224, 325
1219, 816, 230, 570
1220, 817, 264, 458
1221, 817, 228, 540
1222, 818, 273, 484
1223, 818, 229, 539
1224, 819, 225, 351
1225, 819, 239, 577
1226, 820, 235, 319
1227, 820, 236, 611
1228, 821, 280, 491
1229, 821, 279, 654
1230, 822, 278, 489
1231, 822, 277, 656
1232, 823, 275, 486
1233, 823, 274, 686
1234, 824, 236, 318
1235, 824, 237, 610
1236, 825, 234, 320
1237, 825, 235, 612
1238, 826, 231, 323
1239, 826, 232, 560
1240, 827, 281, 492
1241, 827, 280, 653
1242, 828, 277, 488
1243, 828, 276, 657
1244, 829, 274, 485
1245, 829, 273, 685
1246, 830, 237, 317
1247, 830, 238, 609
1248, 831, 233, 321
1249, 831, 234, 613
1250, 832, 230, 324
1251, 832, 231, 571
1252, 833, 276, 487
1253, 833, 275, 687
1254, 857, 201, 777
1255, 834, 202, 674
1256, 902, 217, 773
1257, 835, 218, 590
1258, 836, 219, 589
1259, 836, 711, 218
1260, 837, 615, 692
1261, 837, 200, 754
1262, 838, 220, 588
1263, 838, 712, 219
1264, 839, 608, 691
1265, 839, 199, 755
1266, 840, 673, 690
1267, 840, 198, 767
1268, 841, 221, 587
1269, 841, 713, 220
1270, 861, 221, 770
1271, 842, 222, 586
1272, 862, 843, 197
1273, 843, 198, 672
1274, 844, 554, 557
1275, 844, 557, 780
1276, 865, 845, 223
1277, 845, 222, 792
1278, 890, 197, 546
1279, 846, 196, 545
1280, 847, 250, 371
1281, 847, 552, 629
1282, 875, 848, 626
1283, 848, 248, 375
1284, 896, 849, 541
1285, 849, 226, 377
1286, 874, 850, 625
1287, 850, 249, 373
1288, 851, 251, 369
1289, 851, 620, 627
1290, 852, 550, 782
1291, 852, 627, 620
1292, 853, 786, 258
1293, 853, 258, 636
1294, 854, 789, 254
1295, 854, 254, 663
1296, 855, 787, 256
1297, 855, 256, 638
1298, 856, 778, 252
1299, 856, 252, 670
1300, 857, 777, 768
1301, 857, 768, 202
1302, 858, 516, 528
1303, 858, 528, 212
1304, 859, 771, 751
1305, 859, 751, 214
1306, 860, 542, 573
1307, 860, 124, 772
1308, 861, 222, 842
1309, 878, 861, 770
1310, 862, 775, 198
1311, 862, 197, 779
1312, 863, 543,  78
1313, 863, 768, 777
1314, 864, 797, 115
1315, 864, 573, 778
1316, 865, 223, 585
1317, 865, 585, 715
1318, 872, 866, 251
1319, 866, 628, 622
1320, 873, 867, 250
1321, 867, 630, 624
1322, 874, 868, 249
1323, 868, 666, 561
1324, 875, 869, 248
1325, 869, 575, 572
1326, 870, 699, 602
1327, 870, 602, 206
1328, 876, 871, 769
1329, 877, 871, 876
1330, 872, 251, 851
1331, 872, 621, 628
1332, 873, 250, 847
1333, 873, 623, 630
1334, 874, 249, 850
1335, 874, 625, 666
1336, 875, 575, 869
1337, 875, 248, 848
1338, 876, 769, 542
1339, 876, 542, 860
1340, 877, 772, 210
1341, 877, 210, 807
1342, 878, 770, 539
1343, 878, 229, 792
1344, 886, 636, 637
1345, 879, 259, 413
1346, 887, 663, 664
1347, 880, 255, 409
1348, 888, 670, 671
1349, 881, 253, 407
1350, 889, 638, 639
1351, 882, 257, 411
1352, 883, 224, 544
1353, 883, 775, 862
1354, 884, 700, 601
1355, 884, 601, 207
1356, 885, 705, 596
1357, 885, 596, 212
1358, 886, 637, 633
1359, 886, 259, 879
1360, 887, 664, 635
1361, 887, 255, 880
1362, 888, 671, 562
1363, 888, 253, 881
1364, 889, 639, 634
1365, 889, 257, 882
1366, 890, 546, 688
1367, 890, 688, 196
1368, 891, 752, 774
1369, 891, 774, 206
1370, 923, 892, 645
1371, 892, 263, 439
1372, 922, 893, 661
1373, 893, 261, 435
1374, 924, 894, 659
1375, 894, 260, 433
1376, 921, 895, 647
1377, 895, 262, 437
1378, 896, 226, 849
1379, 896, 541, 774
1380, 897, 555, 641
1381, 897, 641, 803
1382, 898, 660, 643
1383, 898, 643, 796
1384, 899, 658, 644
1385, 899, 644, 798
1386, 900, 649, 642
1387, 900, 642, 804
1388, 901, 227, 751
1389, 901, 538, 574
1390, 902, 773, 776
1391, 902, 776, 218
1392, 903, 553, 405
1393, 903, 404, 415
1394, 904, 244, 345
1395, 904, 245, 618
1396, 905, 245, 344
1397, 905, 246, 617
1398, 906, 243, 346
1399, 906, 244, 619
1400, 907, 240, 349
1401, 907, 241, 565
1402, 908, 246, 343
1403, 908, 247, 616
1404, 909, 242, 347
1405, 909, 243, 667
1406, 910, 239, 350
1407, 910, 240, 576
1408, 911, 271, 465
1409, 911, 270, 684
1410, 912, 269, 463
1411, 912, 268, 682
1412, 913, 266, 460
1413, 913, 265, 679
1414, 914, 272, 466
1415, 914, 271, 675
1416, 915, 268, 462
1417, 915, 267, 681
1418, 916, 265, 459
1419, 916, 264, 678
1420, 917, 267, 461
1421, 917, 266, 680
1422, 918, 632, 553
1423, 918, 553, 800
1424, 919, 773, 149
1425, 919, 540, 228
1426, 920, 238,  35
1427, 920, 316,  44
1428, 921, 262, 895
1429, 921, 647, 648
1430, 922, 261, 893
1431, 922, 661, 662
1432, 923, 263, 892
1433, 923, 645, 646
1434, 924, 260, 894
1435, 924, 659, 677
