%node number
929
%element number
1445
*Node
      1, 0.0280000009,           0.
      2, 0.0260000005,           0.
      3, 0.0240000002,           0.
      4, 0.0219999999,           0.
      5, 0.0199999996,           0.
      6, 0.0179999992,           0.
      7, 0.0160000008,           0.
      8, 0.0140000004,           0.
      9, 0.0120000001,           0.
     10, 0.00999999978,           0.
     11, 0.00800000038,           0.
     12, 0.00600000005,           0.
     13, 0.00400000019,           0.
     14, 0.00200000009,           0.
     15,           0.,           0.
     16, -0.00200000009,           0.
     17, -0.00400000019,           0.
     18, -0.00600000005,           0.
     19, -0.00800000038,           0.
     20, -0.00999999978,           0.
     21, -0.0120000001,           0.
     22, -0.0140000004,           0.
     23, -0.0160000008,           0.
     24, -0.0179999992,           0.
     25, -0.0199999996,           0.
     26, -0.0219999999,           0.
     27, -0.0240000002,           0.
     28, -0.0260000005,           0.
     29, -0.0280000009,           0.
     30, 0.0299999993,           0.
     31, -0.0299999993,           0.
     32, 0.0299999993, 0.00200000009
     33, 0.0299999993, 0.00400000019
     34, 0.0270000007, 0.00400000019
     35, 0.0270000007, 0.0219999999
     36, 0.0270000007, 0.0199999996
     37, 0.0270000007, 0.0179999992
     38, 0.0270000007, 0.0160000008
     39, 0.0270000007, 0.0140000004
     40, 0.0270000007, 0.0120000001
     41, 0.0270000007, 0.00999999978
     42, 0.0270000007, 0.00800000038
     43, 0.0270000007, 0.00600000005
     44, 0.0270000007, 0.0240000002
     45, 0.0240000002, 0.0240000002
     46, 0.0240000002, 0.00600000005
     47, 0.0240000002, 0.00800000038
     48, 0.0240000002, 0.00999999978
     49, 0.0240000002, 0.0120000001
     50, 0.0240000002, 0.0140000004
     51, 0.0240000002, 0.0160000008
     52, 0.0240000002, 0.0179999992
     53, 0.0240000002, 0.0199999996
     54, 0.0240000002, 0.0219999999
     55, 0.0240000002, 0.00400000019
     56, 0.0212500002, 0.00400000019
     57, 0.0185000002, 0.00400000019
     58, 0.0185000002, 0.0219999999
     59, 0.0185000002, 0.0199999996
     60, 0.0185000002, 0.0179999992
     61, 0.0185000002, 0.0160000008
     62, 0.0185000002, 0.0140000004
     63, 0.0185000002, 0.0120000001
     64, 0.0185000002, 0.00999999978
     65, 0.0185000002, 0.00800000038
     66, 0.0185000002, 0.00600000005
     67, 0.0185000002, 0.0240000002
     68, 0.0154999997, 0.0240000002
     69, 0.0154999997, 0.00600000005
     70, 0.0154999997, 0.00800000038
     71, 0.0154999997, 0.00999999978
     72, 0.0154999997, 0.0120000001
     73, 0.0154999997, 0.0140000004
     74, 0.0154999997, 0.0160000008
     75, 0.0154999997, 0.0179999992
     76, 0.0154999997, 0.0199999996
     77, 0.0154999997, 0.0219999999
     78, 0.0154999997, 0.00400000019
     79, 0.0127499998, 0.00400000019
     80, 0.00999999978, 0.00400000019
     81, 0.00999999978, 0.0219999999
     82, 0.00999999978, 0.0199999996
     83, 0.00999999978, 0.0179999992
     84, 0.00999999978, 0.0160000008
     85, 0.00999999978, 0.0140000004
     86, 0.00999999978, 0.0120000001
     87, 0.00999999978, 0.00999999978
     88, 0.00999999978, 0.00800000038
     89, 0.00999999978, 0.00600000005
     90, 0.00999999978, 0.0240000002
     91, 0.00700000022, 0.0240000002
     92, 0.00700000022, 0.00600000005
     93, 0.00700000022, 0.00800000038
     94, 0.00700000022, 0.00999999978
     95, 0.00700000022, 0.0120000001
     96, 0.00700000022, 0.0140000004
     97, 0.00700000022, 0.0160000008
     98, 0.00700000022, 0.0179999992
     99, 0.00700000022, 0.0199999996
    100, 0.00700000022, 0.0219999999
    101, 0.00700000022, 0.00400000019
    102, 0.00425000023, 0.00400000019
    103, 0.00150000001, 0.00400000019
    104, 0.00150000001, 0.0219999999
    105, 0.00150000001, 0.0199999996
    106, 0.00150000001, 0.0179999992
    107, 0.00150000001, 0.0160000008
    108, 0.00150000001, 0.0140000004
    109, 0.00150000001, 0.0120000001
    110, 0.00150000001, 0.00999999978
    111, 0.00150000001, 0.00800000038
    112, 0.00150000001, 0.00600000005
    113, 0.00150000001, 0.0240000002
    114, -0.00150000001, 0.0240000002
    115, -0.00150000001, 0.00600000005
    116, -0.00150000001, 0.00800000038
    117, -0.00150000001, 0.00999999978
    118, -0.00150000001, 0.0120000001
    119, -0.00150000001, 0.0140000004
    120, -0.00150000001, 0.0160000008
    121, -0.00150000001, 0.0179999992
    122, -0.00150000001, 0.0199999996
    123, -0.00150000001, 0.0219999999
    124, -0.00150000001, 0.00400000019
    125, -0.00425000023, 0.00400000019
    126, -0.00700000022, 0.00400000019
    127, -0.00700000022, 0.0219999999
    128, -0.00700000022, 0.0199999996
    129, -0.00700000022, 0.0179999992
    130, -0.00700000022, 0.0160000008
    131, -0.00700000022, 0.0140000004
    132, -0.00700000022, 0.0120000001
    133, -0.00700000022, 0.00999999978
    134, -0.00700000022, 0.00800000038
    135, -0.00700000022, 0.00600000005
    136, -0.00700000022, 0.0240000002
    137, -0.00999999978, 0.0240000002
    138, -0.00999999978, 0.00600000005
    139, -0.00999999978, 0.00800000038
    140, -0.00999999978, 0.00999999978
    141, -0.00999999978, 0.0120000001
    142, -0.00999999978, 0.0140000004
    143, -0.00999999978, 0.0160000008
    144, -0.00999999978, 0.0179999992
    145, -0.00999999978, 0.0199999996
    146, -0.00999999978, 0.0219999999
    147, -0.00999999978, 0.00400000019
    148, -0.0127499998, 0.00400000019
    149, -0.0154999997, 0.00400000019
    150, -0.0154999997, 0.0219999999
    151, -0.0154999997, 0.0199999996
    152, -0.0154999997, 0.0179999992
    153, -0.0154999997, 0.0160000008
    154, -0.0154999997, 0.0140000004
    155, -0.0154999997, 0.0120000001
    156, -0.0154999997, 0.00999999978
    157, -0.0154999997, 0.00800000038
    158, -0.0154999997, 0.00600000005
    159, -0.0154999997, 0.0240000002
    160, -0.0185000002, 0.0240000002
    161, -0.0185000002, 0.00600000005
    162, -0.0185000002, 0.00800000038
    163, -0.0185000002, 0.00999999978
    164, -0.0185000002, 0.0120000001
    165, -0.0185000002, 0.0140000004
    166, -0.0185000002, 0.0160000008
    167, -0.0185000002, 0.0179999992
    168, -0.0185000002, 0.0199999996
    169, -0.0185000002, 0.0219999999
    170, -0.0185000002, 0.00400000019
    171, -0.0212500002, 0.00400000019
    172, -0.0240000002, 0.00400000019
    173, -0.0240000002, 0.0219999999
    174, -0.0240000002, 0.0199999996
    175, -0.0240000002, 0.0179999992
    176, -0.0240000002, 0.0160000008
    177, -0.0240000002, 0.0140000004
    178, -0.0240000002, 0.0120000001
    179, -0.0240000002, 0.00999999978
    180, -0.0240000002, 0.00800000038
    181, -0.0240000002, 0.00600000005
    182, -0.0240000002, 0.0240000002
    183, -0.0270000007, 0.0240000002
    184, -0.0270000007, 0.00600000005
    185, -0.0270000007, 0.00800000038
    186, -0.0270000007, 0.00999999978
    187, -0.0270000007, 0.0120000001
    188, -0.0270000007, 0.0140000004
    189, -0.0270000007, 0.0160000008
    190, -0.0270000007, 0.0179999992
    191, -0.0270000007, 0.0199999996
    192, -0.0270000007, 0.0219999999
    193, -0.0270000007, 0.00400000019
    194, -0.0299999993, 0.00400000019
    195, -0.0299999993, 0.00200000009
    196, 0.0279910807, 0.0020150647
    197,   0.02608224, 0.00189860724
    198, 0.0240162741, 0.00209418591
    199, 0.0218333695, 0.00220175181
    200, 0.0197162107, 0.00202540634
    201, 0.0177326407, 0.00199467968
    202, 0.0155321537, 0.00183504308
    203, 0.0133537408, 0.00201587728
    204,  0.011372271, 0.00228482857
    205, 0.00912957545, 0.00193848077
    206, 0.00707628066, 0.00203284132
    207, 0.00509938225, 0.00201177131
    208, 0.00316109275, 0.00203622552
    209, 0.00122183224, 0.00212856592
    210, -0.00104236614, 0.00198159064
    211, -0.00320278294, 0.00206488837
    212, -0.00510981353, 0.00203078333
    213, -0.00707626063, 0.00207650149
    214, -0.009135033, 0.00194821658
    215, -0.0113728559, 0.00227461453
    216, -0.013355175, 0.00201503141
    217, -0.0155210216, 0.00181833026
    218, -0.0177203417, 0.0019817045
    219, -0.019717887, 0.00202347641
    220, -0.0218333341, 0.00219625561
    221, -0.0240208209, 0.00208246941
    222, -0.0259186029, 0.00190095243
    223,  -0.02806223, 0.00189844985
    224, 0.0260620695, 0.00416676514
    225, 0.0174854752, 0.00407561893
    226, 0.00925714616, 0.00398060773
    227, -0.00928851124, 0.00412151543
    228, -0.017479552, 0.00406986708
    229, -0.0260791797, 0.00414288556
    230, 0.0260596015, 0.00599584682
    231, 0.0260592923, 0.00800094102
    232, 0.0260582007, 0.0100001534
    233, 0.0260611158,   0.01200007
    234, 0.0260594804, 0.0140010407
    235,  0.026060082, 0.0159993488
    236, 0.0260607339, 0.0179975368
    237, 0.0260550398, 0.0199982654
    238, 0.0258791223, 0.0219897218
    239, 0.0175614227, 0.00600625575
    240, 0.0175626595, 0.00800269376
    241, 0.0175615624, 0.0100003649
    242, 0.0175647978, 0.0120001668
    243, 0.0175631177, 0.0140024759
    244, 0.0175652895,  0.015998451
    245, 0.0175675228, 0.0179941375
    246,  0.017566083, 0.0199947227
    247, 0.0175098032, 0.0219848659
    248, 0.00938173197, 0.00800606422
    249, 0.00937795732, 0.0120083755
    250, 0.00937582273, 0.0160089266
    251, 0.00937244203, 0.0200118497
    252, 0.0009223253, 0.00593650388
    253, -0.000901139749, 0.00607201084
    254, 0.000902480271, 0.00999880582
    255, -0.000898861152,  0.010103669
    256, 0.000902480737, 0.0139988074
    257, -0.000898860628, 0.0141036697
    258, 0.000902480679, 0.0179988071
    259, -0.000898860686, 0.0181036703
    260, 0.000889838499, 0.0220630895
    261, -0.000974986411, 0.0221224017
    262, -0.00938575342, 0.00810553879
    263, -0.00938664377,  0.012107051
    264, -0.00938696135, 0.0161087681
    265, -0.00938919932, 0.0200749133
    266, -0.0175625607, 0.00600767368
    267, -0.0175670609, 0.00800552033
    268, -0.0175654981, 0.0100019509
    269, -0.0175655056, 0.0120019671
    270, -0.0175673682, 0.0140057476
    271, -0.0175666343, 0.0160045475
    272, -0.0175617356, 0.0180002041
    273, -0.0175580699, 0.0199985076
    274, -0.0174338389, 0.0220400877
    275, -0.0260632988, 0.00599499373
    276, -0.0260605607, 0.00800227094
    277, -0.0260601435, 0.0100008203
    278, -0.0260601453, 0.0120008271
    279, -0.0260607153, 0.0140024154
    280, -0.0260612946, 0.0160019118
    281, -0.0260582529, 0.0180000849
    282, -0.0260546748, 0.0200000741
    283, -0.0259319898, 0.0220410489
    284, 0.0289999992,           0.
    285, 0.0270000007,           0.
    286, 0.0250000004,           0.
    287,        0.023,           0.
    288, 0.0209999997,           0.
    289, 0.0189999994,           0.
    290, 0.0170000009,           0.
    291, 0.0149999997,           0.
    292, 0.0130000003,           0.
    293, 0.0109999999,           0.
    294, 0.00899999961,           0.
    295, 0.00700000022,           0.
    296, 0.00499999989,           0.
    297, 0.00300000003,           0.
    298, 0.00100000005,           0.
    299, -0.00100000005,           0.
    300, -0.00300000003,           0.
    301, -0.00499999989,           0.
    302, -0.00700000022,           0.
    303, -0.00899999961,           0.
    304, -0.0109999999,           0.
    305, -0.0130000003,           0.
    306, -0.0149999997,           0.
    307, -0.0170000009,           0.
    308, -0.0189999994,           0.
    309, -0.0209999997,           0.
    310,       -0.023,           0.
    311, -0.0250000004,           0.
    312, -0.0270000007,           0.
    313, -0.0289999992,           0.
    314, 0.0299999993, 0.00300000003
    315, 0.0299999993, 0.00100000005
    316, 0.0280000009, 0.00400000019
    317, 0.0289999992, 0.00400000019
    318, 0.0270000007,        0.023
    319, 0.0270000007, 0.0209999997
    320, 0.0270000007, 0.0189999994
    321, 0.0270000007, 0.0170000009
    322, 0.0270000007, 0.0149999997
    323, 0.0270000007, 0.0130000003
    324, 0.0270000007, 0.0109999999
    325, 0.0270000007, 0.00899999961
    326, 0.0270000007, 0.00700000022
    327, 0.0270000007, 0.00499999989
    328, 0.0250000004, 0.0240000002
    329, 0.0260000005, 0.0240000002
    330, 0.0240000002, 0.00499999989
    331, 0.0240000002, 0.00700000022
    332, 0.0240000002, 0.00899999961
    333, 0.0240000002, 0.0109999999
    334, 0.0240000002, 0.0130000003
    335, 0.0240000002, 0.0149999997
    336, 0.0240000002, 0.0170000009
    337, 0.0240000002, 0.0189999994
    338, 0.0240000002, 0.0209999997
    339, 0.0240000002,        0.023
    340, 0.0194166675, 0.00400000019
    341, 0.0203333329, 0.00400000019
    342, 0.0221666675, 0.00400000019
    343, 0.0230833329, 0.00400000019
    344, 0.0185000002,        0.023
    345, 0.0185000002, 0.0209999997
    346, 0.0185000002, 0.0189999994
    347, 0.0185000002, 0.0170000009
    348, 0.0185000002, 0.0149999997
    349, 0.0185000002, 0.0130000003
    350, 0.0185000002, 0.0109999999
    351, 0.0185000002, 0.00899999961
    352, 0.0185000002, 0.00700000022
    353, 0.0185000002, 0.00499999989
    354, 0.0164999999, 0.0240000002
    355, 0.0175000001, 0.0240000002
    356, 0.0154999997, 0.00499999989
    357, 0.0154999997, 0.00700000022
    358, 0.0154999997, 0.00899999961
    359, 0.0154999997, 0.0109999999
    360, 0.0154999997, 0.0130000003
    361, 0.0154999997, 0.0149999997
    362, 0.0154999997, 0.0170000009
    363, 0.0154999997, 0.0189999994
    364, 0.0154999997, 0.0209999997
    365, 0.0154999997,        0.023
    366, 0.0109166671, 0.00400000019
    367, 0.0118333334, 0.00400000019
    368,  0.013666667, 0.00400000019
    369, 0.0145833334, 0.00400000019
    370, 0.00999999978,        0.023
    371, 0.00999999978, 0.0209999997
    372, 0.00999999978, 0.0189999994
    373, 0.00999999978, 0.0170000009
    374, 0.00999999978, 0.0149999997
    375, 0.00999999978, 0.0130000003
    376, 0.00999999978, 0.0109999999
    377, 0.00999999978, 0.00899999961
    378, 0.00999999978, 0.00700000022
    379, 0.00999999978, 0.00499999989
    380, 0.00800000038, 0.0240000002
    381, 0.00899999961, 0.0240000002
    382, 0.00700000022, 0.00499999989
    383, 0.00700000022, 0.00700000022
    384, 0.00700000022, 0.00899999961
    385, 0.00700000022, 0.0109999999
    386, 0.00700000022, 0.0130000003
    387, 0.00700000022, 0.0149999997
    388, 0.00700000022, 0.0170000009
    389, 0.00700000022, 0.0189999994
    390, 0.00700000022, 0.0209999997
    391, 0.00700000022,        0.023
    392, 0.0024166666, 0.00400000019
    393, 0.00333333341, 0.00400000019
    394, 0.00516666658, 0.00400000019
    395, 0.0060833334, 0.00400000019
    396, 0.00150000001,        0.023
    397, 0.00150000001, 0.0209999997
    398, 0.00150000001, 0.0189999994
    399, 0.00150000001, 0.0170000009
    400, 0.00150000001, 0.0149999997
    401, 0.00150000001, 0.0130000003
    402, 0.00150000001, 0.0109999999
    403, 0.00150000001, 0.00899999961
    404, 0.00150000001, 0.00700000022
    405, 0.00150000001, 0.00499999989
    406, -0.000500000024, 0.0240000002
    407, 0.000500000024, 0.0240000002
    408, -0.00150000001, 0.00499999989
    409, -0.00150000001, 0.00700000022
    410, -0.00150000001, 0.00899999961
    411, -0.00150000001, 0.0109999999
    412, -0.00150000001, 0.0130000003
    413, -0.00150000001, 0.0149999997
    414, -0.00150000001, 0.0170000009
    415, -0.00150000001, 0.0189999994
    416, -0.00150000001, 0.0209999997
    417, -0.00150000001,        0.023
    418, -0.0060833334, 0.00400000019
    419, -0.00516666658, 0.00400000019
    420, -0.00333333341, 0.00400000019
    421, -0.0024166666, 0.00400000019
    422, -0.00700000022,        0.023
    423, -0.00700000022, 0.0209999997
    424, -0.00700000022, 0.0189999994
    425, -0.00700000022, 0.0170000009
    426, -0.00700000022, 0.0149999997
    427, -0.00700000022, 0.0130000003
    428, -0.00700000022, 0.0109999999
    429, -0.00700000022, 0.00899999961
    430, -0.00700000022, 0.00700000022
    431, -0.00700000022, 0.00499999989
    432, -0.00899999961, 0.0240000002
    433, -0.00800000038, 0.0240000002
    434, -0.00999999978, 0.00499999989
    435, -0.00999999978, 0.00700000022
    436, -0.00999999978, 0.00899999961
    437, -0.00999999978, 0.0109999999
    438, -0.00999999978, 0.0130000003
    439, -0.00999999978, 0.0149999997
    440, -0.00999999978, 0.0170000009
    441, -0.00999999978, 0.0189999994
    442, -0.00999999978, 0.0209999997
    443, -0.00999999978,        0.023
    444, -0.0145833334, 0.00400000019
    445, -0.013666667, 0.00400000019
    446, -0.0118333334, 0.00400000019
    447, -0.0109166671, 0.00400000019
    448, -0.0154999997,        0.023
    449, -0.0154999997, 0.0209999997
    450, -0.0154999997, 0.0189999994
    451, -0.0154999997, 0.0170000009
    452, -0.0154999997, 0.0149999997
    453, -0.0154999997, 0.0130000003
    454, -0.0154999997, 0.0109999999
    455, -0.0154999997, 0.00899999961
    456, -0.0154999997, 0.00700000022
    457, -0.0154999997, 0.00499999989
    458, -0.0175000001, 0.0240000002
    459, -0.0164999999, 0.0240000002
    460, -0.0185000002, 0.00499999989
    461, -0.0185000002, 0.00700000022
    462, -0.0185000002, 0.00899999961
    463, -0.0185000002, 0.0109999999
    464, -0.0185000002, 0.0130000003
    465, -0.0185000002, 0.0149999997
    466, -0.0185000002, 0.0170000009
    467, -0.0185000002, 0.0189999994
    468, -0.0185000002, 0.0209999997
    469, -0.0185000002,        0.023
    470, -0.0230833329, 0.00400000019
    471, -0.0221666675, 0.00400000019
    472, -0.0203333329, 0.00400000019
    473, -0.0194166675, 0.00400000019
    474, -0.0240000002,        0.023
    475, -0.0240000002, 0.0209999997
    476, -0.0240000002, 0.0189999994
    477, -0.0240000002, 0.0170000009
    478, -0.0240000002, 0.0149999997
    479, -0.0240000002, 0.0130000003
    480, -0.0240000002, 0.0109999999
    481, -0.0240000002, 0.00899999961
    482, -0.0240000002, 0.00700000022
    483, -0.0240000002, 0.00499999989
    484, -0.0260000005, 0.0240000002
    485, -0.0250000004, 0.0240000002
    486, -0.0270000007, 0.00499999989
    487, -0.0270000007, 0.00700000022
    488, -0.0270000007, 0.00899999961
    489, -0.0270000007, 0.0109999999
    490, -0.0270000007, 0.0130000003
    491, -0.0270000007, 0.0149999997
    492, -0.0270000007, 0.0170000009
    493, -0.0270000007, 0.0189999994
    494, -0.0270000007, 0.0209999997
    495, -0.0270000007,        0.023
    496, -0.0289999992, 0.00400000019
    497, -0.0280000009, 0.00400000019
    498, -0.0299999993, 0.00100000005
    499, -0.0299999993, 0.00300000003
    500, 0.00964123197, 0.00308810081
    501, -0.00965175219, 0.00312930555
    502, -0.0180765335, 0.00309754931
    503, 0.0180853438, 0.00310611981
    504, 0.0150301224, 0.00305646961
    505, -0.0150238816, 0.00304923276
    506, -0.0190588329, 0.00310316356
    507, 0.0190573633, 0.0031067431
    508, -0.00200475077, 0.00323761534
    509, 0.00187537028, 0.0031431301
    510,  0.012144872, 0.00319476658
    511, -0.00468353974, 0.00311415596
    512, -0.0130754951, 0.00311945146
    513, 0.0200178418, 0.00312222773
    514, 0.0217492115, 0.0033093493
    515, 0.0225566197, 0.00318195811
    516, 0.0130684515, 0.00312512298
    517, 0.00467759511, 0.00310887001
    518, -0.0121373143, 0.00318988226
    519, -0.0225554798, 0.0031778384
    520, -0.0209650919, 0.00317349145
    521, -0.0200249553, 0.00312128779
    522, 0.00373332808, 0.00311118411
    523, 0.00278973463, 0.00312054949
    524, -0.00376085518, 0.00312104099
    525, -0.00285223126, 0.00316321314
    526, 0.00561084831, 0.00309801218
    527, -0.00560980476, 0.00311774248
    528, 0.0113652078, 0.00332871615
    529, 0.0140224528, 0.00309029478
    530, -0.0140223186, 0.00308746705
    531, -0.0113638481, 0.00332642696
    532,  0.020973485, 0.00317724771
    533, -0.021754114, 0.00330951717
    534,  0.023516342, 0.0031698104
    535, -0.0235260185, 0.00316108437
    536, 0.00658620335, 0.00313146459
    537, -0.00658867368, 0.00316791818
    538, -0.0105864741, 0.00317626656
    539, 0.0105846478, 0.00317088468
    540, -0.0274848137, 0.00302813365
    541,  0.027436208, 0.00311299134
    542, 0.000479244918, 0.00488675479
    543, 0.0249456037, 0.00435049413
    544, 0.00782168563, 0.00438192533
    545, 0.0164514054, 0.00456007896
    546, -0.0249665082, 0.0043347138
    547, -0.00782626122, 0.00455647893
    548, -0.0164509118, 0.0045579006
    549, -0.0164054167, 0.0226139463
    550, 0.00904033612, 0.0227169879
    551, 0.00902683754, 0.0176943839
    552, -0.00786870066, 0.0226619001
    553, -0.00788524188, 0.0175476242
    554, -0.0249039531, 0.0226147082
    555, 0.0245068129, 0.000939952384
    556,  0.027477283, 0.00090733153
    557, 0.0253444593, 0.0230547581
    558, 0.0169818606, 0.0230505448
    559, -0.0164523441, 0.0175012108
    560, -0.0171503555, 0.0231356304
    561, -0.0249484144, 0.0175005086
    562, -0.0256495383,  0.023136057
    563, -0.0286173224, 0.00303629437
    564, 0.0249500051, 0.00950049702
    565, 0.00816315599, 0.0104762539
    566, -0.00890674908, 0.00920528267
    567, 0.00799328461, 0.0093960641
    568, 0.0164538529, 0.00950118154
    569, 0.0249529537,  0.010499686
    570, 0.0164562222,  0.010499252
    571, -0.00860061124, 0.0231895633
    572,  -4.97831679e-05, 0.0232469067
    573, -0.0290939864, 0.0013394308
    574, 0.0290719736, 0.00259755854
    575, 0.0249534175, 0.00547426008
    576,  0.024951512, 0.00750017771
    577, 0.00816134643, 0.00647402275
    578, -0.000384521991, 0.00719978521
    579, -0.00887776352, 0.00520596653
    580, 0.00792420283, 0.00753357634
    581, 0.0164553039, 0.00750317518
    582, 0.0164548699, 0.00551668461
    583, 0.00797064044, 0.00537668169
    584, 0.0290652514, 0.0014140791
    585,  0.024957709, 0.00649508974
    586,  0.016459683, 0.00650498457
    587, -0.0291547067, 0.0022548351
    588, -0.0275464337, 0.000886228692
    589, -0.0254991613, 0.000933130272
    590, -0.0234828368, 0.000945412379
    591, -0.0214161854, 0.000959476049
    592, -0.0193874147, 0.000913931523
    593, -0.0173723642, 0.000884857669
    594, -0.0155064724, 0.000702986028
    595, -0.013650178, 0.000894677476
    596, -0.0116056744, 0.0010086433
    597, -0.00940856617, 0.000798228546
    598, -0.00753424503, 0.000925292901
    599, -0.00554515794, 0.000926606823
    600, -0.00357944961, 0.000927693502
    601, -0.00153254287, 0.00094009575
    602, 0.000547054224, 0.000978190801
    603, 0.00256536389, 0.00093483919
    604, 0.00454940926, 0.000915588753
    605, 0.00653335359, 0.000910686969
    606, 0.00852436014, 0.00088551559
    607, 0.0103864269, 0.0011906143
    608, 0.0126367174, 0.00093475217
    609, 0.0146621922, 0.000843609276
    610, 0.0283067226, 0.000867295079
    611, 0.0203936268, 0.000928824593
    612, 0.0248967502,  0.021467872
    613, 0.0249515958, 0.0194972213
    614, 0.0249530729, 0.0174974632
    615, 0.0249522123,   0.01549986
    616, 0.0249519721,   0.01350113
    617, 0.0249553863, 0.0115001332
    618, 0.0183889922, 0.000907690905
    619, 0.0164379049, 0.0214644261
    620, 0.0164607838, 0.0194930565
    621, 0.0164606404, 0.0174939632
    622, 0.0164576881, 0.0154996663
    623, 0.00897316169, 0.0217099488
    624, 0.00787490699, 0.0204598736
    625, 0.00815048255, 0.0184867401
    626, 0.00788543373, 0.0164561812
    627, 0.0081561394, 0.0144842193
    628, 0.00788931642, 0.0124547649
    629, 0.00788882934, 0.00845052488
    630, 0.00794794038, 0.0213838555
    631, 0.00791182369, 0.0195389073
    632, 0.00797695387, 0.0174024571
    633, 0.00791625679, 0.0155360885
    634, 0.00903748907, 0.0136901475
    635, -0.000382476777, 0.0192163326
    636, -0.000382476748, 0.0152163319
    637, -0.000382476836, 0.0112163322
    638, 0.000635995006, 0.0195260178
    639, 0.000635995064, 0.0155260172
    640, -0.00790647604, 0.0215905719
    641, -0.00802322011, 0.0185232349
    642, -0.00802607276, 0.0145240715
    643, -0.00802174862, 0.0105227167
    644, -0.00802089646, 0.00652726693
    645, -0.00788912084, 0.0195812602
    646, -0.00788419507, 0.0205579903
    647, -0.00788796972, 0.0155858248
    648, -0.00787822995, 0.0165857617
    649, -0.00788027886, 0.0135403425
    650, -0.00893385336, 0.0210829396
    651, -0.00891055446, 0.0172084011
    652, -0.00890926458, 0.0132044563
    653, -0.0249396842, 0.0205039103
    654, -0.0249543972, 0.0184994172
    655, -0.0249547586, 0.0165015496
    656, -0.0249533467, 0.0145028327
    657, -0.0249526743, 0.0125014251
    658, -0.00786622893, 0.00553700561
    659, -0.00788274035, 0.00758510362
    660, -0.00787769817, 0.00953574572
    661, -0.00788386166, 0.0115849152
    662, -0.00787684321, 0.0125791356
    663, 0.000635995006, 0.0115260174
    664, 0.00798194483, 0.0134007651
    665, 0.0079185823, 0.0115343016
    666, 0.0164560769,   0.01350269
    667, 0.0164587721, 0.0115003167
    668, 0.00903797802, 0.00968615338
    669, 0.000635695003, 0.0075204703
    670, 0.0265165307, 0.000894450757
    671, 0.0224485025, 0.000965093786
    672, 0.0163665488, 0.00084527774
    673, -0.0164433047, 0.0205021016
    674, 0.00902738702, 0.00567623647
    675, -0.00787554029, 0.00857821759
    676, -0.0164575465, 0.00650618877
    677, -0.0164605081, 0.00850593764
    678, -0.0164583046, 0.0105015244
    679, -0.0164592713, 0.0125033911
    680, -0.0164609049, 0.0145067414
    681, -0.0164596327, 0.0165036861
    682, -0.0164578874, 0.0184986126
    683, -0.0249534678, 0.00649521593
    684, -0.0249530245, 0.00850248057
    685, -0.024952393, 0.0105006406
    686, 0.0255252235, 0.000905553869
    687, 0.0234865919, 0.00095149799
    688, 0.0214140415, 0.000964805193
    689, 0.0193819292, 0.000917540572
    690, 0.0173736475, 0.000893486547
    691, 0.0155121787, 0.000704786042
    692, 0.0136606889, 0.000899609178
    693, 0.0116102826, 0.00101997587
    694, 0.00940807257, 0.000802922179
    695, 0.00753403502, 0.000914951088
    696, 0.00553962868, 0.000911672541
    697, 0.00356559549, 0.000924383523
    698, 0.00157801236, 0.000955195574
    699, -0.00050307432, 0.000961652608
    700, -0.00256863702, 0.000956233242
    701, -0.00456221728, 0.000923771528
    702, -0.00653461041, 0.000935765856
    703, -0.00852390099, 0.000889615214
    704, -0.0103908358, 0.00119385077
    705, -0.0126474565, 0.000936575641
    706, -0.0146635631, 0.000835056184
    707, -0.0163537487, 0.00083025475
    708, -0.0183779746, 0.000903148437
    709, -0.0203883741, 0.000931528048
    710, -0.0224466547, 0.000968288863
    711, -0.0245012585, 0.000943280815
    712, -0.0265976209,  0.001047372
    713, -0.0283405297, 0.00082482188
    714, 0.0282998532, 0.0031451229
    715, 0.0249571856, 0.00850051083
    716, 0.0249585174, 0.0125004444
    717, 0.0249577221, 0.0145005239
    718, 0.0249582566, 0.0164989326
    719,  0.024958333, 0.0184979942
    720, 0.0249419827, 0.0204941221
    721, 0.0248240661, 0.0223024711
    722, 0.0164599586, 0.00850174949
    723, 0.0164613258, 0.0125010563
    724,  0.016461011, 0.0145012457
    725, 0.0164629929,  0.016497463
    726, 0.0164641235, 0.0184951741
    727, 0.0164583735, 0.0204913784
    728, 0.0163859129, 0.0222999677
    729, -0.0164221935, 0.0215267465
    730, -0.0164582338, 0.0194993205
    731, -0.0164636374, 0.0155040296
    732, -0.0164636821, 0.0135039305
    733, -0.0164622869, 0.0115011754
    734, -0.0164631084, 0.00950278714
    735, -0.0164630022, 0.00750427041
    736, -0.0164582338, 0.00551677262
    737, -0.0249202717, 0.0215277337
    738, -0.0249555074, 0.0195003357
    739, -0.0249589756, 0.0155016938
    740, -0.0249584932, 0.0135016516
    741, -0.0249580499, 0.0115004936
    742, -0.0249582883, 0.0095011685
    743, -0.0249584261, 0.00750050182
    744, -0.0249645412, 0.00546928262
    745, -0.0102273906, 0.00234445068
    746, 0.0102228308, 0.00233458192
    747, -0.00873207394, 0.00319451303
    748, 0.00871268101, 0.00310512981
    749, -0.0186722651, 0.00236885808
    750, 0.0186768603, 0.00237525417
    751, 0.0124411238, 0.00246605114
    752, -0.00417917455, 0.00239768275
    753, -0.0124429101, 0.00246001617
    754, 0.0206699315, 0.00244395901
    755, -0.0206700042, 0.00244135922
    756, 0.0144499904, 0.00232022023
    757, -0.0144452211, 0.00231288094
    758, 0.0022363707, 0.00242360984
    759,  0.022974113, 0.00247149239
    760, -0.0229766443, 0.00246524741
    761, 0.00608566822, 0.00238121557
    762, 0.0160561427, 0.00300628645
    763, -0.0160423815, 0.00299181114
    764, -0.00106424442, 0.00314376177
    765, 0.00108180474, 0.00317244837
    766, 0.0245087873, 0.00329071586
    767, -0.0245238859, 0.00327070919
    768, 0.00768213905, 0.00328190089
    769, -0.00769278267, 0.00336642866
    770, -0.017074883, 0.00303045404
    771, 0.0170875136, 0.00304317381
    772, -0.0262926314, 0.00303208013
    773, 0.0263071079, 0.00309735979
    774, -0.0179306995, 0.0230292864
    775, -0.0264302548, 0.0230295174
    776, -0.0093939295, 0.0230720751
    777, -0.000762804819, 0.0231029522
    778, 0.00920904893, 0.0184902083
    779, 0.000602072454,  0.020342771
    780, 0.000606450951, 0.0163369291
    781, 0.000606450951, 0.0123369303
    782, 0.000606393558, 0.00833599269
    783, 0.00921359845, 0.0144874668
    784, 0.00803036522,  0.022336971
    785, 0.00921528321, 0.0104849199
    786, 0.00921272673, 0.00648262678
    787, -0.000551204546, 0.00419631507
    788, 0.0270123724, 0.00161776075
    789, -0.0258045439, 0.0170008112
    790, -0.0173080694, 0.0170019288
    791, -0.0090379687, 0.0103195757
    792, -0.00903278869, 0.00632290961
    793, 0.0258055311, 0.0110000083
    794, -0.000415341317, 0.0204374772
    795, -0.000406352367, 0.0164251775
    796, -0.000406352367, 0.0124251768
    797, -0.000406657724, 0.00842266995
    798, -0.00903868396, 0.0183215346
    799, -0.00904025882, 0.0143202711
    800, 0.0173082706, 0.0110000195
    801, 0.00410878053, 0.00165722636
    802, 0.00215253443, 0.00169568718
    803,  3.49366892e-05, 0.00192341022
    804, -0.0020834601, 0.00183909689
    805, -0.0060675093, 0.00167689426
    806, -0.0080800904, 0.00165923929
    807, -0.0122848144, 0.00173897622
    808, -0.0143270316, 0.00157519523
    809, 0.00807766151, 0.00163638697
    810, 0.0122828269, 0.0017442971
    811, 0.0143317534, 0.00158287189
    812, 0.0258041378, 0.00499747321
    813, -0.0258147065, 0.00498837512
    814,  0.017290635, 0.00503172772
    815, -0.0172902513, 0.00503044296
    816, 0.000536281907, 0.0147665599
    817, 0.000536921201, 0.00673289225
    818, 0.00053628179, 0.0107665593
    819, 0.000536281907, 0.0187665597
    820, 0.0258064289, 0.0169986561
    821, -0.0258045662, 0.0189999826
    822, 0.0258051399, 0.0189982038
    823, 0.0258058999, 0.0150001543
    824, -0.0258068666, 0.0150017701
    825, 0.0258049369, 0.00900042057
    826, -0.0258064028, 0.00900134817
    827, -0.025769325, 0.0210145526
    828, 0.0257545784, 0.0209899973
    829, 0.0258062165, 0.0130005367
    830, -0.0258064065, 0.0130012641
    831, 0.0258056223, 0.00699841091
    832, -0.0258071516, 0.00699859671
    833, -0.0258061457, 0.0110005559
    834, 0.0167299695,  0.001578792
    835, -0.0167177171, 0.00156330375
    836, 0.0187793262, 0.00164411427
    837, -0.0187751763, 0.00163822377
    838, 0.0208054353, 0.00171294936
    839, -0.0208051577, 0.00171041908
    840, 0.0229517706, 0.00173680438
    841, -0.0229520574, 0.00173153484
    842, 0.0250642225, 0.00169021543
    843, -0.0250303578, 0.0016856204
    844, -0.00878392812, 0.0222661756
    845, -0.0269398671, 0.00206861319
    846, 0.00880777556, 0.0167625193
    847, 0.00881587248, 0.00875793584
    848, 0.00875515491, 0.00472120848
    849, 0.00881174114, 0.0127611086
    850, 0.00879101362, 0.0207637399
    851,  1.00946045e-06, 0.0141058546
    852,  2.63829643e-05, 0.00601275358
    853,  1.00833472e-06,  0.010105853
    854,  1.00944055e-06, 0.0181058552
    855, 0.0166276842, 0.0022915951
    856, 0.00415603584, 0.00238505541
    857, -0.00814324804, 0.00244897977
    858, 0.000438985269, 0.00373738096
    859, -0.00609041238, 0.00241396809
    860, 0.0252270959, 0.00259801862
    861, -0.0252007209, 0.00257492508
    862, 0.0165161081, 0.00373703171
    863, -0.027286537, 0.00147516595
    864, 0.00887023751, 0.0192574374
    865, 0.00887390412, 0.0152549772
    866, 0.00887645315, 0.0112527413
    867, 0.000351390219,  0.017203534
    868, 0.000351329014, 0.00920295902
    869, 0.000351390248, 0.0132035343
    870, 0.000332831667,  0.021248566
    871, 0.00887890346, 0.00725084962
    872, 0.0269658025, 0.00234835688
    873, 0.00606686296, 0.00164963759
    874, -0.00412668753, 0.00166896393
    875, 0.000362168561, 0.00282613956
    876,  -7.41346012e-05, 0.0222976208
    877, -0.000490562699, 0.0173676461
    878, -0.000490636332, 0.00936703011
    879, -0.000526326126, 0.0214212127
    880, -0.000489343307, 0.00523356674
    881, -0.000490562641, 0.0133676473
    882, 0.0254101325, 0.00350067066
    883, 0.00856408477, 0.0200063623
    884, 0.00857183896, 0.0160037391
    885, 0.00857480988, 0.0120022586
    886, 0.00857790839, 0.0079997899
    887, 0.000110062341, 0.0198806487
    888, 0.000113404196, 0.0118761137
    889, 0.000112727212, 0.00786972977
    890, 0.000113404218, 0.0158761144
    891, -0.000388566579, 0.00264231418
    892, -0.0254125856, 0.00347106275
    893, 0.000553184131, 0.0229215231
    894, -0.00024057235, 0.00330918236
    895, -0.00171796407, 0.00255155959
    896, -0.00237223785, 0.00257127476
    897,  0.008135668, 0.00239894795
    898, -0.00882239267, 0.0192691926
    899, -0.0088196462, 0.0112798931
    900, -0.00881803874, 0.00728066545
    901, -0.00882201269, 0.0152810104
    902, 0.00844576117, 0.00389415445
    903, -0.00846442487, 0.0179001987
    904, -0.00846104138, 0.00989583042
    905, -0.0084494194, 0.00589828705
    906, -0.00846396945, 0.0138972849
    907, -0.0084834788, 0.00408898061
    908, -0.0166152697, 0.00227712072
    909, 0.00821414031, 0.0232107919
    910, 0.0173112899, 0.0169968028
    911, -0.0173071846, 0.0189993288
    912, 0.0173117034, 0.0189954191
    913, 0.0173094217, 0.0150003675
    914, -0.017311709,  0.015004213
    915, 0.0173076075, 0.00900119822
    916, -0.017311234, 0.00900323875
    917, -0.0172714815,  0.021013489
    918,  0.017294433, 0.0209870785
    919,  0.017309064,  0.013001278
    920, -0.0173111651, 0.0130030075
    921, 0.0173078142, 0.0070034219
    922, -0.0173100345, 0.0070047304
    923, -0.0173103195, 0.0110013233
    924, -0.016509546, 0.00373000652
    925,  0.026370598, 0.0230074134
    926, -0.00857714564, 0.0161539521
    927, -0.00857525226, 0.0121510904
    928, -0.00858375244, 0.0201132596
    929, -0.008573764, 0.00815096125
*Element, type=DC2D3
   1, 713, 313,  29
   2, 573, 498, 313
   3, 563, 497, 496
   4, 587, 499, 195
   5, 588,  29, 312
   6, 863, 712, 845
   7, 772, 193, 540
   8, 486, 275, 184
   9, 487, 276, 185
  10, 488, 277, 186
  11, 489, 278, 187
  12, 490, 279, 188
  13, 491, 280, 189
  14, 492, 281, 190
  15, 493, 282, 191
  16, 494, 283, 192
  17, 562, 485, 484
  18, 775, 562, 484
  19, 589,  28, 311
  20, 843, 589, 711
  21, 535, 519, 470
  22, 520, 472, 171
  23, 749, 502, 506
  24, 908, 835, 217
  25, 549, 448, 459
  26, 560, 459, 458
  27, 774, 560, 458
  28, 917, 468, 273
  29, 911, 467, 272
  30, 790, 466, 271
  31, 914, 465, 270
  32, 920, 464, 269
  33, 923, 463, 268
  34, 916, 462, 267
  35, 922, 461, 266
  36, 815, 460, 228
  37, 908, 218, 835
  38, 590,  27, 310
  39, 841, 590, 710
  40, 841, 220, 760
  41, 839, 219, 755
  42, 837, 218, 749
  43, 835, 707, 217
  44, 808, 757, 217
  45, 807, 753, 216
  46, 745, 704, 214
  47, 806, 703, 598
  48, 805, 702, 599
  49, 874, 752, 212
  50, 804, 700, 601
  51, 803, 602, 209
  52, 802, 208, 758
  53, 696, 604, 296
  54, 695, 605, 295
  55, 694, 606, 294
  56, 693, 607, 293
  57, 692, 608, 292
  58, 691, 609, 291
  59, 834, 672, 690
  60, 836, 750, 201
  61, 838, 754, 200
  62, 840, 759, 199
  63, 842, 555, 686
  64, 788, 556, 196
  65, 584, 284, 315
  66, 610, 584, 196
  67, 574,  32, 314
  68, 714, 317, 316
  69, 872, 197, 788
  70, 812, 543, 224
  71, 882, 543, 766
  72, 766, 534, 198
  73, 534, 343, 515
  74, 515, 514, 199
  75, 532, 341, 513
  76, 611,   5, 288
  77, 327, 224,  34
  78, 831, 576, 585
  79, 575, 330, 543
  80, 828, 319, 238
  81, 925,  35, 318
  82, 925, 329, 557
  83, 721, 339,  54
  84, 720, 613, 237
  85, 828, 612, 720
  86, 719, 614, 236
  87, 820, 321, 236
  88, 320, 236,  37
  89, 822, 320, 237
  90, 319, 237,  36
  91, 823, 322, 235
  92, 321, 235,  38
  93, 718, 615, 235
  94, 820, 614, 718
  95, 717, 616, 234
  96, 823, 615, 717
  97, 716, 617, 233
  98, 793, 324, 233
  99, 323, 233,  40
 100, 829, 323, 234
 101, 322, 234,  39
 102, 822, 613, 719
 103, 829, 616, 716
 104, 617, 333, 569
 105, 825, 325, 232
 106, 324, 232,  41
 107, 793, 617, 569
 108, 715, 576, 231
 109, 831, 326, 231
 110, 325, 231,  42
 111, 825, 564, 715
 112, 585, 576, 331
 113, 812, 327, 230
 114, 326, 230,  43
 115, 532, 514,  56
 116, 750, 503, 201
 117, 618,   6, 289
 118, 918, 345, 247
 119,  58, 344, 247
 120, 558, 344, 355
 121, 529, 516, 203
 122, 609,   8, 291
 123, 912, 346, 246
 124, 345, 246,  59
 125, 727, 620, 246
 126, 918, 619, 727
 127, 726, 621, 245
 128, 912, 620, 726
 129, 910, 347, 245
 130, 346, 245,  60
 131, 913, 348, 244
 132, 347, 244,  61
 133, 725, 622, 244
 134, 910, 621, 725
 135, 724, 666, 243
 136, 913, 622, 724
 137, 919, 349, 243
 138, 348, 243,  62
 139, 756, 504, 529
 140, 751, 516, 510
 141, 608,   9, 292
 142, 528, 510, 367
 143, 539, 204, 528
 144, 607,  10, 293
 145, 623,  81, 550
 146, 550, 370, 381
 147, 909, 784, 550
 148, 864, 625, 778
 149, 632, 625,  98
 150, 865, 627, 783
 151, 849, 664, 628
 152, 665,  95, 385
 153, 567, 565,  94
 154, 629,  93, 580
 155, 583,  92, 382
 156, 768, 544, 101
 157, 536, 101, 395
 158, 605,  12, 295
 159, 864, 778, 372
 160, 371, 251,  82
 161, 850, 371, 623
 162, 850, 630, 624
 163, 883, 631, 864
 164, 631, 389, 625
 165, 632, 551, 625
 166, 865, 783, 374
 167, 373, 250,  84
 168, 846, 373, 551
 169, 846, 632, 626
 170, 884, 633, 865
 171, 633, 387, 627
 172, 783, 634,  85
 173, 761, 526, 207
 174, 856, 801, 207
 175, 604,  13, 296
 176, 522, 102, 393
 177, 509, 392, 103
 178, 698, 209, 602
 179, 870, 397, 260
 180, 104, 396, 260
 181, 893, 407, 572
 182, 777, 572, 406
 183, 887, 794, 635
 184, 635, 415, 259
 185, 890, 795, 636
 186, 636, 413, 257
 187, 888, 796, 637
 188, 637, 411, 255
 189, 889, 797, 578
 190, 578, 409, 253
 191, 880, 542, 852
 192, 508, 124, 421
 193, 700, 211, 600
 194, 887, 779, 794
 195, 870, 779, 397
 196, 416, 261, 123
 197, 870, 794, 779
 198, 819, 638, 635
 199, 635, 122, 415
 200, 867, 399, 258
 201, 398, 258, 106
 202, 890, 780, 795
 203, 877, 867, 854
 204, 414, 259, 121
 205, 867, 795, 780
 206, 816, 639, 636
 207, 636, 120, 413
 208, 869, 401, 256
 209, 400, 256, 108
 210, 895, 764, 508
 211, 752, 511, 212
 212, 701, 212, 599
 213, 511, 125, 419
 214, 859, 805, 212
 215, 702, 213, 598
 216, 640, 127, 552
 217, 552, 422, 433
 218, 646, 645, 128
 219, 641, 553, 129
 220, 926, 648, 651
 221, 642, 131, 426
 222, 927, 652, 263
 223, 904, 791, 566
 224, 675, 429, 660
 225, 905, 792, 579
 226, 547, 126, 431
 227, 747, 501, 214
 228, 703, 214, 597
 229, 645, 424, 128
 230, 646, 423, 640
 231, 553, 425, 129
 232, 898, 641, 645
 233, 647, 426, 130
 234, 648, 425, 553
 235, 649, 131, 642
 236, 901, 439, 799
 237, 571, 433, 432
 238, 844, 776, 146
 239, 928, 650, 265
 240, 903, 651, 553
 241, 926, 651, 264
 242, 901, 642, 647
 243, 927, 662, 652
 244, 899, 643, 661
 245, 566, 436, 262
 246, 900, 644, 659
 247, 907, 579, 227
 248, 745, 501, 538
 249, 704, 215, 596
 250, 538, 447, 531
 251, 753, 512, 216
 252, 705, 216, 595
 253, 512, 148, 445
 254, 530, 216, 512
 255, 706, 217, 594
 256, 521, 473, 472
 257, 533, 171, 471
 258, 827, 653, 737
 259, 554, 173, 474
 260, 821, 654, 738
 261, 737, 475, 173
 262, 789, 655, 561
 263, 654, 561, 175
 264, 824, 656, 739
 265, 655, 477, 561
 266, 830, 657, 740
 267, 739, 656, 478
 268, 827, 494, 282
 269, 821, 493, 281
 270, 789, 492, 280
 271, 824, 491, 279
 272, 830, 490, 278
 273, 833, 489, 277
 274, 826, 488, 276
 275, 832, 487, 275
 276, 813, 486, 229
 277, 767, 221, 535
 278, 892, 772, 861
 279, 744, 483, 181
 280, 813, 546, 744
 281, 832, 683, 743
 282, 826, 684, 742
 283, 833, 685, 741
 284, 740, 657, 479
 285, 907, 769, 547
 286, 644, 135, 430
 287, 675, 134, 429
 288, 643, 133, 428
 289, 662, 661, 132
 290, 662, 427, 649
 291, 888, 781, 796
 292, 881, 869, 851
 293, 412, 257, 119
 294, 869, 796, 781
 295, 818, 663, 637
 296, 637, 118, 411
 297, 866, 785, 376
 298, 375, 249,  86
 299, 849, 634, 664
 300, 664, 386, 628
 301, 665, 628,  95
 302, 665, 385, 565
 303, 800, 350, 242
 304, 349, 242,  63
 305, 723, 667, 242
 306, 919, 666, 723
 307, 667, 359, 570
 308, 800, 667, 570
 309, 868, 403, 254
 310, 402, 254, 110
 311, 668, 565, 567
 312, 915, 351, 241
 313, 350, 241,  64
 314, 889, 782, 797
 315, 878, 868, 853
 316, 410, 255, 117
 317, 868, 797, 782
 318, 817, 669, 578
 319, 578, 116, 409
 320, 871, 786, 378
 321, 377, 248,  88
 322, 847, 567, 629
 323, 886, 629, 580
 324, 871, 577, 786
 325, 580, 383, 577
 326, 921, 352, 240
 327, 351, 240,  65
 328, 722, 581, 240
 329, 915, 568, 722
 330, 586, 582, 239
 331, 921, 581, 586
 332, 872, 788, 196
 333, 670, 285, 556
 334, 555,   3, 286
 335, 671,   4, 287
 336, 672,   7, 290
 337, 855, 834, 201
 338, 606,  11, 294
 339, 897, 809, 205
 340, 699, 210, 601
 341, 891, 803, 875
 342, 835, 593, 707
 343, 837, 592, 708
 344, 839, 591, 709
 345, 845, 540, 223
 346, 862, 771, 225
 347, 582, 356, 545
 348, 814, 545, 225
 349, 353, 225,  57
 350, 855, 202, 834
 351, 748, 500, 226
 352, 583, 577,  92
 353, 583, 382, 544
 354, 379, 226,  80
 355, 902, 748, 226
 356, 894, 787, 764
 357, 880, 408, 787
 358, 894, 891, 875
 359, 408, 253, 115
 360, 658, 431, 135
 361, 501, 227, 147
 362, 763, 217, 505
 363, 736, 457, 158
 364, 460, 266, 161
 365, 815, 548, 736
 366, 922, 676, 735
 367, 916, 677, 734
 368, 923, 678, 733
 369, 920, 679, 732
 370, 914, 680, 731
 371, 790, 681, 559
 372, 911, 682, 730
 373, 917, 673, 729
 374, 729, 449, 150
 375, 468, 274, 169
 376, 814, 353, 239
 377, 352, 239,  66
 378, 728, 365,  77
 379, 674, 577, 583
 380, 909, 391, 784
 381, 542, 405, 252
 382, 404, 252, 112
 383, 777, 406, 114
 384, 900, 435, 792
 385, 675, 660, 566
 386, 435, 262, 139
 387, 899, 437, 791
 388, 437, 263, 141
 389, 439, 264, 143
 390, 441, 265, 145
 391, 461, 267, 162
 392, 735, 677, 267
 393, 462, 268, 163
 394, 734, 678, 268
 395, 463, 269, 164
 396, 733, 679, 269
 397, 464, 270, 165
 398, 732, 680, 270
 399, 465, 271, 166
 400, 731, 681, 271
 401, 466, 272, 167
 402, 681, 451, 559
 403, 467, 273, 168
 404, 682, 559, 152
 405, 743, 684, 276
 406, 742, 685, 277
 407, 741, 685, 480
 408, 284,  30, 315
 409, 556, 285,   1
 410, 686,   2, 670
 411, 687, 287,   3
 412, 688, 288,   4
 413, 689, 289,   5
 414, 690, 290,   6
 415, 691, 291,   7
 416, 692, 292,   8
 417, 693, 293,   9
 418, 694, 294,  10
 419, 695, 295,  11
 420, 696, 296,  12
 421, 801, 697, 604
 422, 802, 758, 209
 423, 803, 699, 602
 424, 804, 601, 210
 425, 874, 211, 752
 426, 805, 599, 212
 427, 806, 598, 213
 428, 704, 597, 214
 429, 807, 596, 215
 430, 808, 595, 216
 431, 707,  23, 594
 432, 708,  24, 593
 433, 709,  25, 592
 434, 710,  26, 591
 435, 711,  27, 590
 436, 712,  28, 589
 437, 713, 588, 223
 438, 314,  33, 317
 439, 584,  32, 574
 440, 541, 316,  34
 441, 714, 574, 317
 442, 925,  44, 329
 443, 319,  35, 238
 444, 320,  36, 237
 445, 321,  37, 236
 446, 322,  38, 235
 447, 323,  39, 234
 448, 324,  40, 233
 449, 325,  41, 232
 450, 326,  42, 231
 451, 327,  43, 230
 452, 328,  45, 339
 453, 557, 329, 328
 454, 543, 330,  55
 455, 585,  46, 575
 456, 715,  47, 576
 457, 569,  48, 564
 458, 716,  49, 617
 459, 717,  50, 616
 460, 718,  51, 615
 461, 719,  52, 614
 462, 720,  53, 613
 463, 721, 612, 238
 464, 507, 340,  57
 465, 513, 340, 507
 466, 514, 342,  56
 467, 515, 342, 514
 468, 344,  67, 355
 469, 345,  58, 247
 470, 346,  59, 246
 471, 347,  60, 245
 472, 348,  61, 244
 473, 349,  62, 243
 474, 350,  63, 242
 475, 351,  64, 241
 476, 352,  65, 240
 477, 353,  66, 239
 478, 354,  68, 365
 479, 558, 355, 354
 480, 545, 356,  78
 481, 586,  69, 582
 482, 722,  70, 581
 483, 570,  71, 568
 484, 723,  72, 667
 485, 724,  73, 666
 486, 725,  74, 622
 487, 726,  75, 621
 488, 727,  76, 620
 489, 728, 619, 247
 490, 539, 528, 366
 491, 528, 367, 366
 492, 516, 368,  79
 493, 529, 368, 516
 494, 370,  90, 381
 495, 372,  82, 251
 496, 374,  84, 250
 497, 376,  86, 249
 498, 378,  88, 248
 499, 391, 380,  91
 500, 909, 381, 380
 501, 765, 509, 103
 502, 523, 522, 393
 503, 517, 394, 102
 504, 526, 394, 517
 505, 396, 113, 407
 506, 397, 104, 260
 507, 399, 106, 258
 508, 401, 108, 256
 509, 403, 110, 254
 510, 405, 112, 252
 511, 777, 114, 417
 512, 572, 407, 406
 513, 409, 115, 253
 514, 411, 117, 255
 515, 413, 119, 257
 516, 415, 121, 259
 517, 417, 123, 261
 518, 769, 126, 547
 519, 527, 511, 419
 520, 524, 420, 125
 521, 525, 420, 524
 522, 422, 136, 433
 523, 776, 137, 443
 524, 571, 552, 433
 525, 434, 147, 227
 526, 436, 139, 262
 527, 438, 141, 263
 528, 440, 143, 264
 529, 442, 145, 265
 530, 505, 444, 149
 531, 530, 512, 445
 532, 518, 446, 148
 533, 531, 447, 446
 534, 448, 159, 459
 535, 729, 150, 549
 536, 730, 151, 673
 537, 559, 451, 152
 538, 731, 153, 681
 539, 732, 154, 680
 540, 733, 155, 679
 541, 734, 156, 678
 542, 735, 157, 677
 543, 736, 158, 676
 544, 774, 160, 469
 545, 560, 549, 459
 546, 460, 170, 228
 547, 461, 161, 266
 548, 462, 162, 267
 549, 463, 163, 268
 550, 464, 164, 269
 551, 465, 165, 270
 552, 466, 166, 271
 553, 467, 167, 272
 554, 468, 168, 273
 555, 774, 169, 274
 556, 535, 470, 172
 557, 519, 471, 470
 558, 533, 520, 171
 559, 755, 521, 520
 560, 485, 474, 182
 561, 737, 173, 554
 562, 738, 174, 653
 563, 561, 477, 175
 564, 739, 176, 655
 565, 740, 177, 656
 566, 741, 178, 657
 567, 742, 179, 685
 568, 743, 180, 684
 569, 744, 181, 683
 570, 775, 183, 495
 571, 562, 554, 485
 572, 486, 193, 229
 573, 487, 184, 275
 574, 488, 185, 276
 575, 489, 186, 277
 576, 490, 187, 278
 577, 491, 188, 279
 578, 492, 189, 280
 579, 493, 190, 281
 580, 494, 191, 282
 581, 775, 192, 283
 582, 496, 194, 499
 583, 563, 540, 497
 584, 498,  31, 313
 585, 587, 573, 223
 586, 746, 539, 500
 587, 500,  80, 226
 588, 538, 531, 215
 589, 857, 214, 806
 590, 502, 228, 170
 591, 506, 502, 170
 592, 750, 507, 503
 593, 503,  57, 225
 594, 762, 504, 202
 595, 504,  78, 369
 596, 763, 505, 149
 597, 757, 530, 505
 598, 506, 170, 473
 599, 749, 506, 219
 600, 513, 507, 200
 601, 507,  57, 503
 602, 525, 524, 211
 603, 896, 804, 895
 604, 758, 509, 209
 605, 523, 208, 522
 606, 510,  79, 367
 607, 751, 510, 204
 608, 527, 419, 418
 609, 752, 524, 511
 610, 530, 445, 444
 611, 753, 518, 512
 612, 754, 532, 513
 613, 513, 341, 340
 614, 532,  56, 341
 615, 759, 515, 199
 616, 759, 534, 515
 617, 515, 343, 342
 618, 516,  79, 510
 619, 756, 529, 203
 620, 522, 517, 102
 621, 526, 517, 207
 622, 531, 518, 215
 623, 518, 148, 512
 624, 760, 519, 535
 625, 533, 519, 220
 626, 755, 520, 220
 627, 521, 219, 506
 628, 521, 506, 473
 629, 521, 472, 520
 630, 523, 393, 392
 631, 856, 208, 801
 632, 523, 392, 509
 633, 758, 523, 509
 634, 524, 125, 511
 635, 896, 525, 211
 636, 525, 508, 421
 637, 525, 421, 420
 638, 761, 536, 526
 639, 526, 395, 394
 640, 537, 527, 418
 641, 527, 212, 511
 642, 539, 366,  80
 643, 528, 204, 510
 644, 529, 504, 369
 645, 529, 369, 368
 646, 530, 444, 505
 647, 757, 505, 217
 648, 531, 446, 518
 649, 745, 538, 215
 650, 754, 513, 200
 651, 532, 199, 514
 652, 533, 471, 519
 653, 533, 220, 520
 654, 860, 198, 842
 655, 534,  55, 343
 656, 767, 535, 172
 657, 760, 535, 221
 658, 902, 768, 748
 659, 536, 395, 526
 660, 537, 418, 126
 661, 859, 213, 805
 662, 538, 501, 147
 663, 538, 147, 447
 664, 539,  80, 500
 665, 746, 500, 205
 666, 845, 772, 540
 667, 540, 193, 497
 668, 773, 541,  34
 669, 714, 196, 574
 670, 542, 103, 405
 671, 852, 542, 252
 672, 766, 543,  55
 673, 812, 575, 543
 674, 848, 379, 674
 675, 544, 382, 101
 676, 862,  78, 762
 677, 814, 582, 545
 678, 892, 546, 229
 679, 546, 172, 483
 680, 658, 135, 644
 681, 907, 747, 769
 682, 924, 228, 770
 683, 548, 149, 457
 684, 729, 673, 449
 685, 549, 150, 448
 686, 784, 630, 623
 687, 550,  81, 370
 688, 551, 373,  83
 689, 778, 551,  83
 690, 844, 650, 640
 691, 552, 127, 422
 692, 641, 129, 424
 693, 903, 798, 651
 694, 554, 474, 485
 695, 737, 653, 475
 696, 687, 555, 198
 697, 686, 286,   2
 698, 610, 284, 584
 699, 788, 670, 556
 700, 557, 328, 339
 701, 925, 557, 238
 702, 558, 354, 365
 703, 558, 247, 344
 704, 682, 152, 450
 705, 790, 559, 272
 706, 774, 458, 160
 707, 560, 274, 549
 708, 654, 175, 476
 709, 789, 561, 281
 710, 775, 484, 183
 711, 562, 283, 554
 712, 563, 496, 499
 713, 563, 223, 540
 714, 569, 564, 232
 715, 564,  48, 332
 716, 785, 565, 668
 717, 565, 385,  94
 718, 566, 140, 436
 719, 929, 675, 566
 720, 567,  94, 384
 721, 847, 377, 668
 722, 570, 568, 241
 723, 568,  71, 358
 724, 793, 569, 232
 725, 569, 333,  48
 726, 800, 570, 241
 727, 570, 359,  71
 728, 776, 432, 137
 729, 776, 571, 432
 730, 876, 572, 777
 731, 893, 572, 876
 732, 587, 223, 563
 733, 573, 195, 498
 734, 574, 314, 317
 735, 584, 574, 196
 736, 831, 585, 230
 737, 575,  46, 330
 738, 825, 715, 231
 739, 576,  47, 331
 740, 786, 577, 674
 741, 577, 383,  92
 742, 852, 817, 578
 743, 817, 404, 669
 744, 579, 138, 434
 745, 579, 434, 227
 746, 847, 668, 567
 747, 580,  93, 383
 748, 915, 722, 240
 749, 581,  70, 357
 750, 921, 586, 239
 751, 582,  69, 356
 752, 848, 674, 583
 753, 848, 583, 544
 754, 610, 196, 556
 755, 584, 315,  32
 756, 585, 331,  46
 757, 585, 575, 230
 758, 586, 581, 357
 759, 586, 357,  69
 760, 587, 563, 499
 761, 587, 195, 573
 762, 712, 589, 222
 763, 713, 223, 573
 764, 711, 590, 221
 765, 845, 712, 222
 766, 710, 591, 220
 767, 843, 711, 221
 768, 591,  26, 309
 769, 709, 592, 219
 770, 592,  25, 308
 771, 708, 593, 218
 772, 593,  24, 307
 773, 707, 594, 217
 774, 594,  23, 306
 775, 706, 306,  22
 776, 595,  22, 305
 777, 705, 305,  21
 778, 596,  21, 304
 779, 704, 304,  20
 780, 597,  20, 303
 781, 703, 303,  19
 782, 598,  19, 302
 783, 702, 302,  18
 784, 599,  18, 301
 785, 701, 301,  17
 786, 600,  17, 300
 787, 700, 300,  16
 788, 601,  16, 299
 789, 699, 299,  15
 790, 602,  15, 298
 791, 698, 298,  14
 792, 603,  14, 297
 793, 697, 297,  13
 794, 801, 604, 207
 795, 697, 208, 603
 796, 873, 206, 761
 797, 873, 761, 207
 798, 809, 606, 205
 799, 809, 695, 606
 800, 746, 607, 204
 801, 694, 607, 205
 802, 810, 203, 751
 803, 810, 693, 608
 804, 811, 202, 756
 805, 811, 692, 609
 806, 610, 556,   1
 807, 610,   1, 284
 808, 689, 611, 200
 809, 688, 611, 288
 810, 721, 238, 557
 811, 612,  54, 338
 812, 828, 720, 237
 813, 613,  53, 337
 814, 822, 719, 236
 815, 614,  52, 336
 816, 820, 718, 235
 817, 615,  51, 335
 818, 823, 717, 234
 819, 616,  50, 334
 820, 829, 716, 233
 821, 617,  49, 333
 822, 690, 618, 201
 823, 689, 618, 289
 824, 728, 247, 558
 825, 619,  77, 364
 826, 918, 727, 246
 827, 620,  76, 363
 828, 912, 726, 245
 829, 621,  75, 362
 830, 910, 725, 244
 831, 622,  74, 361
 832, 784, 623, 550
 833, 623, 371,  81
 834, 883, 850, 624
 835, 624, 390,  99
 836, 778, 625, 551
 837, 625, 389,  98
 838, 884, 846, 626
 839, 626, 388,  97
 840, 783, 627, 634
 841, 627, 387,  96
 842, 849, 375, 634
 843, 628, 386,  95
 844, 629, 567, 384
 845, 629, 384,  93
 846, 630, 100, 390
 847, 630, 390, 624
 848, 631, 624,  99
 849, 631,  99, 389
 850, 632,  98, 388
 851, 632, 388, 626
 852, 633, 626,  97
 853, 633,  97, 387
 854, 634, 375,  85
 855, 664, 634, 627
 856, 854, 819, 635
 857, 819, 398, 638
 858, 851, 816, 636
 859, 816, 400, 639
 860, 853, 818, 637
 861, 818, 402, 663
 862, 638, 398, 105
 863, 779, 638, 105
 864, 639, 400, 107
 865, 780, 639, 107
 866, 844, 640, 552
 867, 640, 423, 127
 868, 645, 641, 424
 869, 898, 441, 798
 870, 647, 642, 426
 871, 906, 652, 649
 872, 661, 643, 428
 873, 904, 566, 660
 874, 659, 644, 430
 875, 905, 579, 658
 876, 646, 128, 423
 877, 898, 798, 641
 878, 650, 646, 640
 879, 928, 646, 650
 880, 648, 647, 130
 881, 901, 799, 642
 882, 648, 130, 425
 883, 651, 648, 553
 884, 906, 799, 652
 885, 649, 427, 131
 886, 650, 146, 442
 887, 650, 442, 265
 888, 651, 144, 440
 889, 651, 440, 264
 890, 652, 142, 438
 891, 652, 438, 263
 892, 821, 738, 282
 893, 653, 174, 475
 894, 738, 654, 476
 895, 654, 281, 561
 896, 824, 739, 280
 897, 655, 176, 477
 898, 830, 740, 279
 899, 656, 177, 478
 900, 833, 741, 278
 901, 657, 178, 479
 902, 658, 579, 547
 903, 658, 547, 431
 904, 900, 792, 644
 905, 659, 430, 134
 906, 660, 429, 133
 907, 660, 133, 643
 908, 899, 791, 643
 909, 661, 428, 132
 910, 662, 132, 427
 911, 662, 649, 652
 912, 663, 402, 109
 913, 781, 663, 109
 914, 664, 627,  96
 915, 664,  96, 386
 916, 866, 565, 785
 917, 885, 665, 866
 918, 913, 724, 243
 919, 666,  73, 360
 920, 919, 723, 242
 921, 667,  72, 359
 922, 668, 377,  87
 923, 785, 668,  87
 924, 669, 404, 111
 925, 782, 669, 111
 926, 686, 670, 197
 927, 670,   2, 285
 928, 688, 671, 199
 929, 687, 671, 287
 930, 691, 672, 202
 931, 690, 672, 290
 932, 911, 730, 273
 933, 673, 151, 449
 934, 674, 379,  89
 935, 786, 674,  89
 936, 929, 566, 262
 937, 675, 659, 134
 938, 736, 676, 266
 939, 676, 158, 456
 940, 922, 735, 267
 941, 677, 157, 455
 942, 916, 734, 268
 943, 678, 156, 454
 944, 923, 733, 269
 945, 679, 155, 453
 946, 920, 732, 270
 947, 680, 154, 452
 948, 914, 731, 271
 949, 681, 153, 451
 950, 730, 682, 450
 951, 682, 272, 559
 952, 744, 683, 275
 953, 683, 181, 482
 954, 832, 743, 276
 955, 684, 180, 481
 956, 826, 742, 277
 957, 685, 179, 480
 958, 842, 686, 197
 959, 686, 555, 286
 960, 687,   3, 555
 961, 840, 687, 198
 962, 688,   4, 671
 963, 838, 688, 199
 964, 689,   5, 611
 965, 836, 689, 200
 966, 690,   6, 618
 967, 834, 690, 201
 968, 691,   7, 672
 969, 691, 202, 609
 970, 692,   8, 609
 971, 692, 203, 608
 972, 693,   9, 608
 973, 693, 204, 607
 974, 694,  10, 607
 975, 694, 205, 606
 976, 695,  11, 606
 977, 695, 206, 605
 978, 696,  12, 605
 979, 696, 207, 604
 980, 697, 603, 297
 981, 697,  13, 604
 982, 698, 602, 298
 983, 698,  14, 603
 984, 699, 601, 299
 985, 699,  15, 602
 986, 700, 600, 300
 987, 700,  16, 601
 988, 701, 599, 301
 989, 701,  17, 600
 990, 702, 598, 302
 991, 702,  18, 599
 992, 703, 597, 303
 993, 703,  19, 598
 994, 704, 596, 304
 995, 704,  20, 597
 996, 705, 595, 305
 997, 705,  21, 596
 998, 706, 594, 306
 999, 706,  22, 595
1000, 707, 593, 307
1001, 707, 307,  23
1002, 708, 592, 308
1003, 708, 308,  24
1004, 709, 591, 309
1005, 709, 309,  25
1006, 710, 590, 310
1007, 710, 310,  26
1008, 711, 589, 311
1009, 711, 311,  27
1010, 712, 588, 312
1011, 712, 312,  28
1012, 713, 573, 313
1013, 713,  29, 588
1014, 714, 316, 541
1015, 714, 541, 196
1016, 715, 564, 332
1017, 715, 332,  47
1018, 716, 616, 334
1019, 716, 334,  49
1020, 717, 615, 335
1021, 717, 335,  50
1022, 718, 614, 336
1023, 718, 336,  51
1024, 719, 613, 337
1025, 719, 337,  52
1026, 720, 612, 338
1027, 720, 338,  53
1028, 721, 557, 339
1029, 721,  54, 612
1030, 722, 568, 358
1031, 722, 358,  70
1032, 723, 666, 360
1033, 723, 360,  72
1034, 724, 622, 361
1035, 724, 361,  73
1036, 725, 621, 362
1037, 725, 362,  74
1038, 726, 620, 363
1039, 726, 363,  75
1040, 727, 619, 364
1041, 727, 364,  76
1042, 728, 558, 365
1043, 728,  77, 619
1044, 729, 549, 274
1045, 917, 729, 274
1046, 730, 450, 151
1047, 730, 673, 273
1048, 731, 680, 452
1049, 731, 452, 153
1050, 732, 679, 453
1051, 732, 453, 154
1052, 733, 678, 454
1053, 733, 454, 155
1054, 734, 677, 455
1055, 734, 455, 156
1056, 735, 676, 456
1057, 735, 456, 157
1058, 815, 736, 266
1059, 736, 548, 457
1060, 737, 554, 283
1061, 827, 737, 283
1062, 738, 476, 174
1063, 738, 653, 282
1064, 739, 478, 176
1065, 739, 655, 280
1066, 740, 479, 177
1067, 740, 656, 279
1068, 741, 480, 178
1069, 741, 657, 278
1070, 742, 684, 481
1071, 742, 481, 179
1072, 743, 683, 482
1073, 743, 482, 180
1074, 813, 744, 275
1075, 744, 546, 483
1076, 745, 215, 704
1077, 745, 214, 501
1078, 746, 205, 607
1079, 746, 204, 539
1080, 857, 806, 213
1081, 747, 227, 501
1082, 768, 101, 536
1083, 748, 205, 500
1084, 837, 749, 219
1085, 749, 218, 502
1086, 836, 201, 618
1087, 750, 200, 507
1088, 810, 751, 204
1089, 751, 203, 516
1090, 874, 212, 701
1091, 752, 211, 524
1092, 807, 216, 705
1093, 753, 215, 518
1094, 838, 200, 611
1095, 754, 199, 532
1096, 839, 755, 220
1097, 755, 219, 521
1098, 811, 756, 203
1099, 756, 202, 504
1100, 808, 217, 706
1101, 757, 216, 530
1102, 802, 209, 698
1103, 758, 208, 523
1104, 840, 199, 671
1105, 759, 198, 534
1106, 841, 760, 221
1107, 760, 220, 519
1108, 873, 207, 696
1109, 761, 206, 536
1110, 771, 201, 503
1111, 762,  78, 504
1112, 924, 149, 548
1113, 924, 770, 763
1114, 875, 803, 209
1115, 764, 124, 508
1116, 765, 209, 509
1117, 858, 103, 542
1118, 882, 773, 224
1119, 766,  55, 534
1120, 767, 172, 546
1121, 861, 843, 221
1122, 768, 536, 206
1123, 897, 206, 809
1124, 769, 213, 537
1125, 769, 537, 126
1126, 770, 228, 502
1127, 770, 502, 218
1128, 771, 503, 225
1129, 862, 225, 545
1130, 861, 772, 222
1131, 772, 229, 193
1132, 773,  34, 224
1133, 882, 860, 773
1134, 774, 469, 169
1135, 774, 274, 560
1136, 775, 495, 192
1137, 775, 283, 562
1138, 776, 443, 146
1139, 844, 146, 650
1140, 777, 417, 261
1141, 876, 777, 261
1142, 778,  83, 372
1143, 864, 372, 251
1144, 779, 105, 397
1145, 879, 416, 794
1146, 780, 107, 399
1147, 877, 414, 795
1148, 781, 109, 401
1149, 881, 412, 796
1150, 782, 111, 403
1151, 878, 410, 797
1152, 783,  85, 374
1153, 865, 374, 250
1154, 784, 391, 100
1155, 784, 100, 630
1156, 785,  87, 376
1157, 866, 376, 249
1158, 786,  89, 378
1159, 871, 378, 248
1160, 787, 408, 124
1161, 787, 124, 764
1162, 872, 196, 541
1163, 788, 197, 670
1164, 789, 281, 492
1165, 789, 280, 655
1166, 790, 272, 466
1167, 790, 271, 681
1168, 791, 437, 140
1169, 791, 140, 566
1170, 792, 435, 138
1171, 792, 138, 579
1172, 793, 232, 324
1173, 793, 233, 617
1174, 794, 416, 122
1175, 794, 122, 635
1176, 795, 414, 120
1177, 795, 120, 636
1178, 796, 412, 118
1179, 796, 118, 637
1180, 797, 410, 116
1181, 797, 116, 578
1182, 798, 441, 144
1183, 798, 144, 651
1184, 799, 439, 142
1185, 799, 142, 652
1186, 800, 241, 350
1187, 800, 242, 667
1188, 856, 207, 517
1189, 801, 208, 697
1190, 802, 698, 603
1191, 802, 603, 208
1192, 875, 209, 765
1193, 803, 210, 699
1194, 895, 804, 210
1195, 804, 211, 700
1196, 859, 212, 527
1197, 805, 213, 702
1198, 857, 213, 769
1199, 806, 214, 703
1200, 807, 705, 596
1201, 807, 215, 753
1202, 808, 706, 595
1203, 808, 216, 757
1204, 897, 205, 748
1205, 809, 206, 695
1206, 810, 204, 693
1207, 810, 608, 203
1208, 811, 203, 692
1209, 811, 609, 202
1210, 812, 224, 327
1211, 812, 230, 575
1212, 813, 275, 486
1213, 813, 229, 546
1214, 814, 225, 353
1215, 814, 239, 582
1216, 815, 266, 460
1217, 815, 228, 548
1218, 851, 636, 257
1219, 816, 256, 400
1220, 852, 578, 253
1221, 817, 252, 404
1222, 853, 637, 255
1223, 818, 254, 402
1224, 854, 635, 259
1225, 819, 258, 398
1226, 820, 235, 321
1227, 820, 236, 614
1228, 821, 282, 493
1229, 821, 281, 654
1230, 822, 236, 320
1231, 822, 237, 613
1232, 823, 234, 322
1233, 823, 235, 615
1234, 824, 280, 491
1235, 824, 279, 656
1236, 825, 231, 325
1237, 825, 232, 564
1238, 826, 277, 488
1239, 826, 276, 684
1240, 827, 283, 494
1241, 827, 282, 653
1242, 828, 237, 319
1243, 828, 238, 612
1244, 829, 233, 323
1245, 829, 234, 616
1246, 830, 279, 490
1247, 830, 278, 657
1248, 831, 230, 326
1249, 831, 231, 576
1250, 832, 276, 487
1251, 832, 275, 683
1252, 833, 278, 489
1253, 833, 277, 685
1254, 855, 201, 771
1255, 834, 202, 672
1256, 908, 217, 763
1257, 835, 218, 593
1258, 836, 618, 689
1259, 836, 200, 750
1260, 837, 219, 592
1261, 837, 708, 218
1262, 838, 611, 688
1263, 838, 199, 754
1264, 839, 220, 591
1265, 839, 709, 219
1266, 840, 671, 687
1267, 840, 198, 759
1268, 841, 221, 590
1269, 841, 710, 220
1270, 860, 842, 197
1271, 842, 198, 555
1272, 861, 221, 767
1273, 843, 222, 589
1274, 844, 552, 571
1275, 844, 571, 776
1276, 863, 845, 223
1277, 845, 222, 772
1278, 846, 250, 373
1279, 846, 551, 632
1280, 886, 847, 629
1281, 847, 248, 377
1282, 902, 848, 544
1283, 848, 226, 379
1284, 885, 849, 628
1285, 849, 249, 375
1286, 850, 251, 371
1287, 850, 623, 630
1288, 851, 256, 816
1289, 881, 851, 257
1290, 852, 252, 817
1291, 880, 852, 253
1292, 853, 254, 818
1293, 878, 853, 255
1294, 854, 258, 819
1295, 877, 854, 259
1296, 855, 771, 762
1297, 855, 762, 202
1298, 856, 517, 522
1299, 856, 522, 208
1300, 857, 769, 747
1301, 857, 747, 214
1302, 858, 765, 103
1303, 858, 542, 787
1304, 859, 527, 537
1305, 859, 537, 213
1306, 860, 766, 198
1307, 860, 197, 773
1308, 861, 222, 843
1309, 892, 861, 767
1310, 862, 545,  78
1311, 862, 762, 771
1312, 863, 223, 588
1313, 863, 588, 712
1314, 883, 864, 251
1315, 864, 631, 625
1316, 884, 865, 250
1317, 865, 633, 627
1318, 885, 866, 249
1319, 866, 665, 565
1320, 867, 780, 399
1321, 867, 258, 854
1322, 868, 782, 403
1323, 868, 254, 853
1324, 869, 781, 401
1325, 869, 256, 851
1326, 876, 870, 260
1327, 879, 870, 876
1328, 886, 871, 248
1329, 871, 580, 577
1330, 872, 541, 773
1331, 872, 773, 197
1332, 873, 696, 605
1333, 873, 605, 206
1334, 874, 701, 600
1335, 874, 600, 211
1336, 875, 765, 858
1337, 894, 875, 858
1338, 879, 876, 261
1339, 893, 876, 260
1340, 877, 259, 414
1341, 877, 795, 867
1342, 878, 255, 410
1343, 878, 797, 868
1344, 879, 261, 416
1345, 879, 794, 870
1346, 880, 253, 408
1347, 880, 787, 542
1348, 881, 257, 412
1349, 881, 796, 869
1350, 882, 224, 543
1351, 882, 766, 860
1352, 883, 251, 850
1353, 883, 624, 631
1354, 884, 250, 846
1355, 884, 626, 633
1356, 885, 249, 849
1357, 885, 628, 665
1358, 886, 580, 871
1359, 886, 248, 847
1360, 887, 635, 638
1361, 887, 638, 779
1362, 888, 637, 663
1363, 888, 663, 781
1364, 889, 578, 669
1365, 889, 669, 782
1366, 890, 636, 639
1367, 890, 639, 780
1368, 891, 764, 210
1369, 891, 210, 803
1370, 892, 767, 546
1371, 892, 229, 772
1372, 893, 260, 396
1373, 893, 396, 407
1374, 894, 858, 787
1375, 894, 764, 891
1376, 895, 210, 764
1377, 896, 895, 508
1378, 896, 508, 525
1379, 896, 211, 804
1380, 897, 748, 768
1381, 897, 768, 206
1382, 928, 898, 645
1383, 898, 265, 441
1384, 927, 899, 661
1385, 899, 263, 437
1386, 929, 900, 659
1387, 900, 262, 435
1388, 926, 901, 647
1389, 901, 264, 439
1390, 902, 226, 848
1391, 902, 544, 768
1392, 903, 553, 641
1393, 903, 641, 798
1394, 904, 660, 643
1395, 904, 643, 791
1396, 905, 658, 644
1397, 905, 644, 792
1398, 906, 649, 642
1399, 906, 642, 799
1400, 907, 227, 747
1401, 907, 547, 579
1402, 908, 763, 770
1403, 908, 770, 218
1404, 909, 550, 381
1405, 909, 380, 391
1406, 910, 244, 347
1407, 910, 245, 621
1408, 911, 273, 467
1409, 911, 272, 682
1410, 912, 245, 346
1411, 912, 246, 620
1412, 913, 243, 348
1413, 913, 244, 622
1414, 914, 271, 465
1415, 914, 270, 680
1416, 915, 240, 351
1417, 915, 241, 568
1418, 916, 268, 462
1419, 916, 267, 677
1420, 917, 274, 468
1421, 917, 273, 673
1422, 918, 246, 345
1423, 918, 247, 619
1424, 919, 242, 349
1425, 919, 243, 666
1426, 920, 270, 464
1427, 920, 269, 679
1428, 921, 239, 352
1429, 921, 240, 581
1430, 922, 267, 461
1431, 922, 266, 676
1432, 923, 269, 463
1433, 923, 268, 678
1434, 924, 763, 149
1435, 924, 548, 228
1436, 925, 238,  35
1437, 925, 318,  44
1438, 926, 264, 901
1439, 926, 647, 648
1440, 927, 263, 899
1441, 927, 661, 662
1442, 928, 265, 898
1443, 928, 645, 646
1444, 929, 262, 900
1445, 929, 659, 675